2002005957 13 0 1 1
2002005957 14 0 1 1
2002005957 15 0 1 1
2002006072 12 0 1 1
2002009311 9 0 1 1
2002010151 0 1 1 1
2002022940 4 0 1 1
2002027458 14 0 1 0
2002027573 15 0 1 0
2002027688 12 0 1 0
2002027803 13 0 1 0
2002028400 2 1 1 1
2002032841 12 0 1 1
2002032841 15 0 1 1
2002032841 14 0 1 1
2002033071 13 0 1 1
2002041189 6 0 1 1
2002041958 0 1 1 0
2002042306 9 0 1 0
2002046763 3 1 2 1
2002054160 9 0 1 1
2002054587 11 0 1 1
2002054836 0 1 1 1
2002057013 12 0 1 0
2002057128 15 0 1 0
2002057243 14 0 1 0
2002057311 2 1 1 0
2002057358 13 0 1 0
2002058119 4 0 1 0
2002062511 15 0 1 1
2002062515 12 0 1 1
2002062626 14 0 1 1
2002062741 13 0 1 1
2002069910 9 0 1 0
2002070649 2 1 1 1
2002072664 3 1 2 0
2002072893 0 1 1 0
2002073472 6 0 1 0
2002074443 1 1 2 1
2002083075 11 0 1 0
2002084622 3 1 2 1
2002084797 1 1 2 0
2002085141 2 1 1 0
2002086001 0 1 1 1
2002086019 6 0 1 1
2002091182 6 0 1 0
2002096091 11 0 1 1
2002097044 3 1 2 0
2002097840 15 0 1 0
2002097955 12 0 1 0
2002098185 14 0 1 0
2002098530 13 0 1 0
2002103453 15 0 1 1
2002103568 12 0 1 1
2002103687 14 0 1 1
2002104032 13 0 1 1
2002105155 11 0 1 0
2002107225 2 1 1 1
2002107740 0 1 1 0
2002115363 2 1 1 0
2002120388 0 1 1 1
2002122223 15 0 1 0
2002122568 12 0 1 0
2002122913 14 0 1 0
2002123258 13 0 1 0
2002125481 0 1 1 0
2002128066 15 0 1 1
2002128296 12 0 1 1
2002128526 14 0 1 1
2002128871 13 0 1 1
2002144188 15 0 1 0
2002144993 12 0 1 0
2002145338 14 0 1 0
2002146603 13 0 1 0
2002150150 15 0 1 1
2002150836 12 0 1 1
2002151066 14 0 1 1
2002152216 13 0 1 1
2002165348 15 0 1 0
2002167533 12 0 1 0
2002167878 14 0 1 0
2002171421 15 0 1 1
2002172363 13 0 1 0
2002173261 12 0 1 1
2002173606 14 0 1 1
2002177865 13 0 1 1
2002183978 15 0 1 0
2002188578 12 0 1 0
2002189383 14 0 1 0
2002189825 15 0 1 1
2002194310 12 0 1 1
2002194996 14 0 1 1
2002196398 13 0 1 0
2002202011 13 0 1 1
2002202148 15 0 1 0
2002207761 15 0 1 1
2002211463 12 0 1 0
2002212498 14 0 1 0
2002217310 12 0 1 1
2002218111 14 0 1 1
2002219168 13 0 1 0
2002224781 13 0 1 1
2002224918 15 0 1 0
2002230531 15 0 1 1
2002234348 12 0 1 0
2002235383 14 0 1 0
2002240191 12 0 1 1
2002240996 14 0 1 1
2002241938 13 0 1 0
2002247551 13 0 1 1
2002247688 15 0 1 0
2002253301 15 0 1 1
2002257233 12 0 1 0
2002258268 14 0 1 0
2002263076 12 0 1 1
2002263881 14 0 1 1
2002264823 13 0 1 0
2002270436 13 0 1 1
2002270573 15 0 1 0
2002276186 15 0 1 1
2002280118 12 0 1 0
2002281153 14 0 1 0
2002285961 12 0 1 1
2002286766 14 0 1 1
2002287708 13 0 1 0
2002293321 13 0 1 1
2002293458 15 0 1 0
2002299071 15 0 1 1
2002302888 12 0 1 0
2002303923 14 0 1 0
2002308731 12 0 1 1
2002309536 14 0 1 1
2002310478 13 0 1 0
2002316091 13 0 1 1
2002316228 15 0 1 0
2002321841 15 0 1 1
2002325658 12 0 1 0
2002326693 14 0 1 0
2002331501 12 0 1 1
2002332306 14 0 1 1
2002333248 13 0 1 0
2002338861 13 0 1 1
2002338998 15 0 1 0
2002344611 15 0 1 1
2002348428 12 0 1 0
2002349463 14 0 1 0
2002354271 12 0 1 1
2002355076 14 0 1 1
2002356018 13 0 1 0
2002361631 13 0 1 1
2002361768 15 0 1 0
2002367381 15 0 1 1
2002371313 12 0 1 0
2002372348 14 0 1 0
2002377156 12 0 1 1
2002377961 14 0 1 1
2002378903 13 0 1 0
2002384516 13 0 1 1
2002384653 15 0 1 0
2002390266 15 0 1 1
2002394083 12 0 1 0
2002395118 14 0 1 0
2002399926 12 0 1 1
2002400731 14 0 1 1
2002401788 13 0 1 0
2002407401 13 0 1 1
2002407538 15 0 1 0
2002413151 15 0 1 1
2002416968 12 0 1 0
2002418003 14 0 1 0
2002422811 12 0 1 1
2002423616 14 0 1 1
2002424558 13 0 1 0
2002430171 13 0 1 1
2002430308 15 0 1 0
2002435921 15 0 1 1
2002439738 12 0 1 0
2002440773 14 0 1 0
2002445581 12 0 1 1
2002446386 14 0 1 1
2002447328 13 0 1 0
2002452941 13 0 1 1
2002453078 15 0 1 0
2002458691 15 0 1 1
2002462508 12 0 1 0
2002463543 14 0 1 0
2002468351 12 0 1 1
2002469156 14 0 1 1
2002470098 13 0 1 0
2002475711 13 0 1 1
2002475848 15 0 1 0
2002481461 15 0 1 1
2002485393 12 0 1 0
2002486428 14 0 1 0
2002491236 12 0 1 1
2002492041 14 0 1 1
2002492983 13 0 1 0
2002498596 13 0 1 1
2002498733 15 0 1 0
2002504346 15 0 1 1
2002508163 12 0 1 0
2002509198 14 0 1 0
2002514006 12 0 1 1
2002514811 14 0 1 1
2002515868 13 0 1 0
2002521481 13 0 1 1
2002521618 15 0 1 0
2002527231 15 0 1 1
2002531048 12 0 1 0
2002532083 14 0 1 0
2002536891 12 0 1 1
2002537696 14 0 1 1
2002538638 13 0 1 0
2002544251 13 0 1 1
2002544388 15 0 1 0
2002550001 15 0 1 1
2002553818 12 0 1 0
2002554853 14 0 1 0
2002559661 12 0 1 1
2002560466 14 0 1 1
2002561408 13 0 1 0
2002567021 13 0 1 1
2002567158 15 0 1 0
2002572771 15 0 1 1
2002576588 12 0 1 0
2002577623 14 0 1 0
2002582431 12 0 1 1
2002583236 14 0 1 1
2002584178 13 0 1 0
2002589791 13 0 1 1
2002589928 15 0 1 0
2002595541 15 0 1 1
2002599358 12 0 1 0
2002600508 14 0 1 0
2002605201 12 0 1 1
2002606121 14 0 1 1
2002607063 13 0 1 0
2002612676 13 0 1 1
2002612813 15 0 1 0
2002618426 15 0 1 1
2002622128 12 0 1 0
2002623393 14 0 1 0
2002627971 12 0 1 1
2002629006 14 0 1 1
2002629948 13 0 1 0
2002635561 13 0 1 1
2002635698 15 0 1 0
2002641311 15 0 1 1
2002644898 12 0 1 0
2002646393 14 0 1 0
2002650741 12 0 1 1
2002652006 14 0 1 1
2002652718 13 0 1 0
2002658331 13 0 1 1
2002658468 15 0 1 0
2002664081 15 0 1 1
2002667208 12 0 1 0
2002669163 14 0 1 0
2002673051 12 0 1 1
2002674776 14 0 1 1
2002675488 13 0 1 0
2002681101 13 0 1 1
2002681238 15 0 1 0
2002686851 15 0 1 1
2002689518 12 0 1 0
2002692393 14 0 1 0
2002695361 12 0 1 1
2002698006 14 0 1 1
2002698258 13 0 1 0
2002703871 13 0 1 1
2002703893 15 0 1 0
2002709506 15 0 1 1
2002711368 12 0 1 0
2002715163 14 0 1 0
2002717211 12 0 1 1
2002720776 14 0 1 1
2002721143 13 0 1 0
2002726756 13 0 1 1
2002726778 15 0 1 0
2002732391 15 0 1 1
2002733333 12 0 1 0
2002738163 14 0 1 0
2002739176 12 0 1 1
2002743776 14 0 1 1
2002744028 13 0 1 0
2002749641 13 0 1 1
2002749663 15 0 1 0
2002755276 15 0 1 1
2002755528 12 0 1 0
2002761141 12 0 1 1
2002761163 14 0 1 0
2002766776 14 0 1 1
2002766798 13 0 1 0
2002772411 13 0 1 1
2002772433 15 0 1 0
2002778046 15 0 1 1
2002778068 12 0 1 0
2002783681 12 0 1 1
2002783703 14 0 1 0
2002789316 14 0 1 1
2002789338 13 0 1 0
2002794951 13 0 1 1
2002794973 15 0 1 0
2002800586 15 0 1 1
2002800608 12 0 1 0
2002806221 12 0 1 1
2002806243 14 0 1 0
2002811856 14 0 1 1
2002811878 13 0 1 0
2002817491 13 0 1 1
2002817513 15 0 1 0
2002823126 15 0 1 1
2002823148 12 0 1 0
2002828761 12 0 1 1
2002828783 14 0 1 0
2002834396 14 0 1 1
2002834533 13 0 1 0
2002840146 13 0 1 1
2002840168 15 0 1 0
2002845781 15 0 1 1
2002845803 12 0 1 0
2002851416 12 0 1 1
2002851438 14 0 1 0
2002857051 14 0 1 1
2002857073 13 0 1 0
2002862686 13 0 1 1
2002862823 15 0 1 0
2002868436 15 0 1 1
2002868458 12 0 1 0
2002874071 12 0 1 1
2002874093 14 0 1 0
2002879706 14 0 1 1
2002879728 13 0 1 0
2002885341 13 0 1 1
2002885363 15 0 1 0
2002890976 15 0 1 1
2002890998 12 0 1 0
2002896611 12 0 1 1
2002896633 14 0 1 0
2002902246 14 0 1 1
2002902268 13 0 1 0
2002907881 13 0 1 1
2002907903 15 0 1 0
2002913516 15 0 1 1
2002913538 12 0 1 0
2002919151 12 0 1 1
2002919173 14 0 1 0
2002924786 14 0 1 1
2002924808 13 0 1 0
2002930421 13 0 1 1
2002930443 15 0 1 0
2002936056 15 0 1 1
2002936078 12 0 1 0
2002941691 12 0 1 1
2002941713 14 0 1 0
2002947326 14 0 1 1
2002947463 13 0 1 0
2002953076 13 0 1 1
2002953098 15 0 1 0
2002958711 15 0 1 1
2002958733 12 0 1 0
2002964346 12 0 1 1
2002964368 14 0 1 0
2002969981 14 0 1 1
2002970003 13 0 1 0
2002975616 13 0 1 1
2002975753 15 0 1 0
2002981366 15 0 1 1
2002981388 12 0 1 0
2002987001 12 0 1 1
2002987023 14 0 1 0
2002992636 14 0 1 1
2002992658 13 0 1 0
2002998271 13 0 1 1
2002998293 15 0 1 0
2003003906 15 0 1 1
2003003928 12 0 1 0
2003009541 12 0 1 1
2003009563 14 0 1 0
2003015176 14 0 1 1
2003015198 13 0 1 0
2003020811 13 0 1 1
2003020833 15 0 1 0
2003026446 15 0 1 1
2003026468 12 0 1 0
2003032081 12 0 1 1
2003032103 14 0 1 0
2003037716 14 0 1 1
2003037738 13 0 1 0
2003043351 13 0 1 1
2003043373 15 0 1 0
2003048986 15 0 1 1
2003049008 12 0 1 0
2003054621 12 0 1 1
2003054643 14 0 1 0
2003060256 14 0 1 1
2003060278 13 0 1 0
2003065891 13 0 1 1
2003066028 15 0 1 0
2003071641 15 0 1 1
2003071663 12 0 1 0
2003077276 12 0 1 1
2003077298 14 0 1 0
2003082911 14 0 1 1
2003082933 13 0 1 0
2003088546 13 0 1 1
2003088568 15 0 1 0
2003094181 15 0 1 1
2003094318 12 0 1 0
2003099931 12 0 1 1
2003099953 14 0 1 0
2003105566 14 0 1 1
2003105588 13 0 1 0
2003111201 13 0 1 1
2003111223 15 0 1 0
2003116836 15 0 1 1
2003116858 12 0 1 0
2003122471 12 0 1 1
2003122493 14 0 1 0
2003128106 14 0 1 1
2003128128 13 0 1 0
2003133741 13 0 1 1
2003133763 15 0 1 0
2003139376 15 0 1 1
2003139398 12 0 1 0
2003145011 12 0 1 1
2003145033 14 0 1 0
2003150646 14 0 1 1
2003150668 13 0 1 0
2003156281 13 0 1 1
2003156303 15 0 1 0
2003161916 15 0 1 1
2003161938 12 0 1 0
2003167551 12 0 1 1
2003167573 14 0 1 0
2003173186 14 0 1 1
2003173208 13 0 1 0
2003178821 13 0 1 1
2003178843 15 0 1 0
2003184456 15 0 1 1
2003184593 12 0 1 0
2003190206 12 0 1 1
2003190228 14 0 1 0
2003195841 14 0 1 1
2003195863 13 0 1 0
2003201476 13 0 1 1
2003201498 15 0 1 0
2003207111 15 0 1 1
2003207248 12 0 1 0
2003212861 12 0 1 1
2003212883 14 0 1 0
2003218496 14 0 1 1
2003218518 13 0 1 0
2003224131 13 0 1 1
2003224153 15 0 1 0
2003229766 15 0 1 1
2003229788 12 0 1 0
2003235401 12 0 1 1
2003235423 14 0 1 0
2003241036 14 0 1 1
2003241058 13 0 1 0
2003246671 13 0 1 1
2003246693 15 0 1 0
2003252306 15 0 1 1
2003252328 12 0 1 0
2003257941 12 0 1 1
2003257963 14 0 1 0
2003263576 14 0 1 1
2003263598 13 0 1 0
2003269211 13 0 1 1
2003269233 15 0 1 0
2003274846 15 0 1 1
2003274868 12 0 1 0
2003280481 12 0 1 1
2003280503 14 0 1 0
2003286116 14 0 1 1
2003286138 13 0 1 0
2003291751 13 0 1 1
2003291773 15 0 1 0
2003297386 15 0 1 1
2003297523 12 0 1 0
2003303136 12 0 1 1
2003303158 14 0 1 0
2003308771 14 0 1 1
2003308793 13 0 1 0
2003314406 13 0 1 1
2003314428 15 0 1 0
2003320041 15 0 1 1
2003320063 12 0 1 0
2003325676 12 0 1 1
2003325813 14 0 1 0
2003331426 14 0 1 1
2003331448 13 0 1 0
2003337061 13 0 1 1
2003337083 15 0 1 0
2003342696 15 0 1 1
2003342718 12 0 1 0
2003348331 12 0 1 1
2003348353 14 0 1 0
2003353966 14 0 1 1
2003353988 13 0 1 0
2003359601 13 0 1 1
2003359623 15 0 1 0
2003365236 15 0 1 1
2003365258 12 0 1 0
2003370871 12 0 1 1
2003370893 14 0 1 0
2003376506 14 0 1 1
2003376528 13 0 1 0
2003382141 13 0 1 1
2003382163 15 0 1 0
2003387776 15 0 1 1
2003387798 12 0 1 0
2003393411 12 0 1 1
2003393433 14 0 1 0
2003399046 14 0 1 1
2003399068 13 0 1 0
2003404681 13 0 1 1
2003404703 15 0 1 0
2003410316 15 0 1 1
2003410338 12 0 1 0
2003415951 12 0 1 1
2003416088 14 0 1 0
2003421701 14 0 1 1
2003421723 13 0 1 0
2003427336 13 0 1 1
2003427358 15 0 1 0
2003432971 15 0 1 1
2003432993 12 0 1 0
2003438606 12 0 1 1
2003438743 14 0 1 0
2003444356 14 0 1 1
2003444378 13 0 1 0
2003449991 13 0 1 1
2003450013 15 0 1 0
2003455626 15 0 1 1
2003455648 12 0 1 0
2003461261 12 0 1 1
2003461283 14 0 1 0
2003466896 14 0 1 1
2003466918 13 0 1 0
2003472531 13 0 1 1
2003472553 15 0 1 0
2003478166 15 0 1 1
2003478188 12 0 1 0
2003483801 12 0 1 1
2003483823 14 0 1 0
2003489436 14 0 1 1
2003489458 13 0 1 0
2003495071 13 0 1 1
2003495093 15 0 1 0
2003500706 15 0 1 1
2003500728 12 0 1 0
2003506341 12 0 1 1
2003506363 14 0 1 0
2003511976 14 0 1 1
2003511998 13 0 1 0
2003517611 13 0 1 1
2003517633 15 0 1 0
2003523246 15 0 1 1
2003523268 12 0 1 0
2003528881 12 0 1 1
2003529018 14 0 1 0
2003534631 14 0 1 1
2003534653 13 0 1 0
2003540266 13 0 1 1
2003540288 15 0 1 0
2003545901 15 0 1 1
2003545923 12 0 1 0
2003551536 12 0 1 1
2003551558 14 0 1 0
2003557171 14 0 1 1
2003557308 13 0 1 0
2003562921 13 0 1 1
2003562943 15 0 1 0
2003568556 15 0 1 1
2003568578 12 0 1 0
2003574191 12 0 1 1
2003574213 14 0 1 0
2003579826 14 0 1 1
2003579848 13 0 1 0
2003585461 13 0 1 1
2003585483 15 0 1 0
2003591096 15 0 1 1
2003591118 12 0 1 0
2003596731 12 0 1 1
2003596753 14 0 1 0
2003602366 14 0 1 1
2003602388 13 0 1 0
2003608001 13 0 1 1
2003608023 15 0 1 0
2003613636 15 0 1 1
2003613658 12 0 1 0
2003619271 12 0 1 1
2003619293 14 0 1 0
2003624906 14 0 1 1
2003624928 13 0 1 0
2003630541 13 0 1 1
2003630563 15 0 1 0
2003636176 15 0 1 1
2003636198 12 0 1 0
2003641811 12 0 1 1
2003641833 14 0 1 0
2003647446 14 0 1 1
2003647583 13 0 1 0
2003653196 13 0 1 1
2003653218 15 0 1 0
2003658831 15 0 1 1
2003658853 12 0 1 0
2003664466 12 0 1 1
2003664488 14 0 1 0
2003670101 14 0 1 1
2003670238 13 0 1 0
2003675851 13 0 1 1
2003675873 15 0 1 0
2003681486 15 0 1 1
2003681508 12 0 1 0
2003687121 12 0 1 1
2003687143 14 0 1 0
2003692756 14 0 1 1
2003692778 13 0 1 0
2003698391 13 0 1 1
2003698413 15 0 1 0
2003704026 15 0 1 1
2003704048 12 0 1 0
2003709661 12 0 1 1
2003709683 14 0 1 0
2003715296 14 0 1 1
2003715318 13 0 1 0
2003720931 13 0 1 1
2003720953 15 0 1 0
2003726566 15 0 1 1
2003726588 12 0 1 0
2003732201 12 0 1 1
2003732223 14 0 1 0
2003737836 14 0 1 1
2003737858 13 0 1 0
2003743471 13 0 1 1
2003743493 15 0 1 0
2003749106 15 0 1 1
2003749128 12 0 1 0
2003754741 12 0 1 1
2003754763 14 0 1 0
2003760376 14 0 1 1
2003760513 13 0 1 0
2003766126 13 0 1 1
2003766148 15 0 1 0
2003771761 15 0 1 1
2003771783 12 0 1 0
2003777396 12 0 1 1
2003777418 14 0 1 0
2003783031 14 0 1 1
2003783053 13 0 1 0
2003788666 13 0 1 1
2003788803 15 0 1 0
2003794416 15 0 1 1
2003794438 12 0 1 0
2003800051 12 0 1 1
2003800073 14 0 1 0
2003805686 14 0 1 1
2003805708 13 0 1 0
2003811321 13 0 1 1
2003811343 15 0 1 0
2003816956 15 0 1 1
2003816978 12 0 1 0
2003822591 12 0 1 1
2003822613 14 0 1 0
2003828226 14 0 1 1
2003828248 13 0 1 0
2003833861 13 0 1 1
2003833883 15 0 1 0
2003839496 15 0 1 1
2003839518 12 0 1 0
2003845131 12 0 1 1
2003845153 14 0 1 0
2003850766 14 0 1 1
2003850788 13 0 1 0
2003856401 13 0 1 1
2003856423 15 0 1 0
2003862036 15 0 1 1
2003862058 12 0 1 0
2003867671 12 0 1 1
2003867693 14 0 1 0
2003873306 14 0 1 1
2003873328 13 0 1 0
2003878941 13 0 1 1
2003879078 15 0 1 0
2003884691 15 0 1 1
2003884713 12 0 1 0
2003890326 12 0 1 1
2003890348 14 0 1 0
2003895961 14 0 1 1
2003895983 13 0 1 0
2003901596 13 0 1 1
2003901733 15 0 1 0
2003907346 15 0 1 1
2003907368 12 0 1 0
2003912981 12 0 1 1
2003913003 14 0 1 0
2003918616 14 0 1 1
2003918638 13 0 1 0
2003924251 13 0 1 1
2003924273 15 0 1 0
2003929886 15 0 1 1
2003929908 12 0 1 0
2003935521 12 0 1 1
2003935543 14 0 1 0
2003941156 14 0 1 1
2003941178 13 0 1 0
2003946791 13 0 1 1
2003946813 15 0 1 0
2003952426 15 0 1 1
2003952448 12 0 1 0
2003958061 12 0 1 1
2003958083 14 0 1 0
2003963696 14 0 1 1
2003963718 13 0 1 0
2003969331 13 0 1 1
2003969353 15 0 1 0
2003974966 15 0 1 1
2003974988 12 0 1 0
2003980601 12 0 1 1
2003980623 14 0 1 0
2003986236 14 0 1 1
2003986258 13 0 1 0
2003991871 13 0 1 1
2003992008 15 0 1 0
2003997621 15 0 1 1
2003997643 12 0 1 0
2004003256 12 0 1 1
2004003278 14 0 1 0
2004008891 14 0 1 1
2004008913 13 0 1 0
2004014526 13 0 1 1
2004014548 15 0 1 0
2004020161 15 0 1 1
2004020298 12 0 1 0
2004025911 12 0 1 1
2004025933 14 0 1 0
2004031546 14 0 1 1
2004031568 13 0 1 0
2004037181 13 0 1 1
2004037203 15 0 1 0
2004042816 15 0 1 1
2004042838 12 0 1 0
2004048451 12 0 1 1
2004048473 14 0 1 0
2004054086 14 0 1 1
2004054108 13 0 1 0
2004059721 13 0 1 1
2004059743 15 0 1 0
2004065356 15 0 1 1
2004065378 12 0 1 0
2004070991 12 0 1 1
2004071013 14 0 1 0
2004076626 14 0 1 1
2004076648 13 0 1 0
2004082261 13 0 1 1
2004082283 15 0 1 0
2004087896 15 0 1 1
2004087918 12 0 1 0
2004093531 12 0 1 1
2004093553 14 0 1 0
2004099166 14 0 1 1
2004099188 13 0 1 0
2004104801 13 0 1 1
2004104823 15 0 1 0
2004110436 15 0 1 1
2004110573 12 0 1 0
2004116186 12 0 1 1
2004116208 14 0 1 0
2004121821 14 0 1 1
2004121843 13 0 1 0
2004127456 13 0 1 1
2004127478 15 0 1 0
2004133091 15 0 1 1
2004133228 12 0 1 0
2004138841 12 0 1 1
2004138863 14 0 1 0
2004144476 14 0 1 1
2004144498 13 0 1 0
2004150111 13 0 1 1
2004150133 15 0 1 0
2004155746 15 0 1 1
2004155768 12 0 1 0
2004161381 12 0 1 1
2004161403 14 0 1 0
2004167016 14 0 1 1
2004167038 13 0 1 0
2004172651 13 0 1 1
2004172673 15 0 1 0
2004178286 15 0 1 1
2004178308 12 0 1 0
2004183921 12 0 1 1
2004183943 14 0 1 0
2004189556 14 0 1 1
2004189578 13 0 1 0
2004195191 13 0 1 1
2004195213 15 0 1 0
2004200826 15 0 1 1
2004200848 12 0 1 0
2004206461 12 0 1 1
2004206483 14 0 1 0
2004212096 14 0 1 1
2004212118 13 0 1 0
2004217731 13 0 1 1
2004217753 15 0 1 0
2004223366 15 0 1 1
2004223503 12 0 1 0
2004229116 12 0 1 1
2004229138 14 0 1 0
2004234751 14 0 1 1
2004234773 13 0 1 0
2004240386 13 0 1 1
2004240408 15 0 1 0
2004246021 15 0 1 1
2004246043 12 0 1 0
2004251656 12 0 1 1
2004251793 14 0 1 0
2004257406 14 0 1 1
2004257428 13 0 1 0
2004263041 13 0 1 1
2004263063 15 0 1 0
2004268676 15 0 1 1
2004268698 12 0 1 0
2004274311 12 0 1 1
2004274333 14 0 1 0
2004279946 14 0 1 1
2004279968 13 0 1 0
2004285581 13 0 1 1
2004285603 15 0 1 0
2004291216 15 0 1 1
2004291238 12 0 1 0
2004296851 12 0 1 1
2004296873 14 0 1 0
2004302486 14 0 1 1
2004302508 13 0 1 0
2004308121 13 0 1 1
2004308143 15 0 1 0
2004313756 15 0 1 1
2004313778 12 0 1 0
2004319391 12 0 1 1
2004319413 14 0 1 0
2004325026 14 0 1 1
2004325048 13 0 1 0
2004330661 13 0 1 1
2004330683 15 0 1 0
2004336296 15 0 1 1
2004336318 12 0 1 0
2004341931 12 0 1 1
2004342068 14 0 1 0
2004347681 14 0 1 1
2004347703 13 0 1 0
2004353316 13 0 1 1
2004353338 15 0 1 0
2004358951 15 0 1 1
2004358973 12 0 1 0
2004364586 12 0 1 1
2004364723 14 0 1 0
2004370336 14 0 1 1
2004370358 13 0 1 0
2004375971 13 0 1 1
2004375993 15 0 1 0
2004381606 15 0 1 1
2004381628 12 0 1 0
2004387241 12 0 1 1
2004387263 14 0 1 0
2004392876 14 0 1 1
2004392898 13 0 1 0
2004398511 13 0 1 1
2004398533 15 0 1 0
2004404146 15 0 1 1
2004404168 12 0 1 0
2004409781 12 0 1 1
2004409803 14 0 1 0
2004415416 14 0 1 1
2004415438 13 0 1 0
2004421051 13 0 1 1
2004421073 15 0 1 0
2004426686 15 0 1 1
2004426708 12 0 1 0
2004432321 12 0 1 1
2004432343 14 0 1 0
2004437956 14 0 1 1
2004437978 13 0 1 0
2004443591 13 0 1 1
2004443613 15 0 1 0
2004449226 15 0 1 1
2004449248 12 0 1 0
2004454861 12 0 1 1
2004454998 14 0 1 0
2004460611 14 0 1 1
2004460633 13 0 1 0
2004466246 13 0 1 1
2004466268 15 0 1 0
2004471881 15 0 1 1
2004471903 12 0 1 0
2004477516 12 0 1 1
2004477538 14 0 1 0
2004483151 14 0 1 1
2004483288 13 0 1 0
2004488901 13 0 1 1
2004488923 15 0 1 0
2004494536 15 0 1 1
2004494558 12 0 1 0
2004500171 12 0 1 1
2004500193 14 0 1 0
2004505806 14 0 1 1
2004505828 13 0 1 0
2004511441 13 0 1 1
2004511463 15 0 1 0
2004517076 15 0 1 1
2004517098 12 0 1 0
2004522711 12 0 1 1
2004522733 14 0 1 0
2004528346 14 0 1 1
2004528368 13 0 1 0
2004533981 13 0 1 1
2004534003 15 0 1 0
2004539616 15 0 1 1
2004539638 12 0 1 0
2004545251 12 0 1 1
2004545273 14 0 1 0
2004550886 14 0 1 1
2004550908 13 0 1 0
2004556521 13 0 1 1
2004556543 15 0 1 0
2004562156 15 0 1 1
2004562178 12 0 1 0
2004567791 12 0 1 1
2004567813 14 0 1 0
2004573426 14 0 1 1
2004573563 13 0 1 0
2004579176 13 0 1 1
2004579198 15 0 1 0
2004584811 15 0 1 1
2004584833 12 0 1 0
2004590446 12 0 1 1
2004590468 14 0 1 0
2004596081 14 0 1 1
2004596218 13 0 1 0
2004601831 13 0 1 1
2004601853 15 0 1 0
2004607466 15 0 1 1
2004607488 12 0 1 0
2004613101 12 0 1 1
2004613123 14 0 1 0
2004618736 14 0 1 1
2004618758 13 0 1 0
2004624371 13 0 1 1
2004624393 15 0 1 0
2004630006 15 0 1 1
2004630028 12 0 1 0
2004635641 12 0 1 1
2004635663 14 0 1 0
2004641276 14 0 1 1
2004641298 13 0 1 0
2004646911 13 0 1 1
2004646933 15 0 1 0
2004652546 15 0 1 1
2004652568 12 0 1 0
2004658181 12 0 1 1
2004658203 14 0 1 0
2004663816 14 0 1 1
2004663838 13 0 1 0
2004669451 13 0 1 1
2004669473 15 0 1 0
2004675086 15 0 1 1
2004675108 12 0 1 0
2004680721 12 0 1 1
2004680743 14 0 1 0
2004686356 14 0 1 1
2004686493 13 0 1 0
2004692106 13 0 1 1
2004692128 15 0 1 0
2004697741 15 0 1 1
2004697763 12 0 1 0
2004703376 12 0 1 1
2004703398 14 0 1 0
2004709011 14 0 1 1
2004709033 13 0 1 0
2004714646 13 0 1 1
2004714783 15 0 1 0
2004720396 15 0 1 1
2004720418 12 0 1 0
2004726031 12 0 1 1
2004726053 14 0 1 0
2004731666 14 0 1 1
2004731688 13 0 1 0
2004737301 13 0 1 1
2004737323 15 0 1 0
2004742936 15 0 1 1
2004742958 12 0 1 0
2004748571 12 0 1 1
2004748593 14 0 1 0
2004754206 14 0 1 1
2004754228 13 0 1 0
2004759841 13 0 1 1
2004759863 15 0 1 0
2004765476 15 0 1 1
2004765498 12 0 1 0
2004771111 12 0 1 1
2004771133 14 0 1 0
2004776746 14 0 1 1
2004776768 13 0 1 0
2004782381 13 0 1 1
2004782403 15 0 1 0
2004788016 15 0 1 1
2004788038 12 0 1 0
2004793651 12 0 1 1
2004793673 14 0 1 0
2004799286 14 0 1 1
2004799308 13 0 1 0
2004804921 13 0 1 1
2004805058 15 0 1 0
2004810671 15 0 1 1
2004810693 12 0 1 0
2004816306 12 0 1 1
2004816328 14 0 1 0
2004821941 14 0 1 1
2004821963 13 0 1 0
2004827576 13 0 1 1
2004827598 15 0 1 0
2004833211 15 0 1 1
2004833348 12 0 1 0
2004838961 12 0 1 1
2004838983 14 0 1 0
2004844596 14 0 1 1
2004844618 13 0 1 0
2004850231 13 0 1 1
2004850253 15 0 1 0
2004855866 15 0 1 1
2004855888 12 0 1 0
2004861501 12 0 1 1
2004861523 14 0 1 0
2004867136 14 0 1 1
2004867158 13 0 1 0
2004872771 13 0 1 1
2004872793 15 0 1 0
2004878406 15 0 1 1
2004878428 12 0 1 0
2004884041 12 0 1 1
2004884063 14 0 1 0
2004889676 14 0 1 1
2004889698 13 0 1 0
2004895311 13 0 1 1
2004895333 15 0 1 0
2004900946 15 0 1 1
2004900968 12 0 1 0
2004906581 12 0 1 1
2004906603 14 0 1 0
2004912216 14 0 1 1
2004912238 13 0 1 0
2004917851 13 0 1 1
2004917988 15 0 1 0
2004923601 15 0 1 1
2004923623 12 0 1 0
2004929236 12 0 1 1
2004929258 14 0 1 0
2004934871 14 0 1 1
2004934893 13 0 1 0
2004940506 13 0 1 1
2004940528 15 0 1 0
2004946141 15 0 1 1
2004946278 12 0 1 0
2004951891 12 0 1 1
2004951913 14 0 1 0
2004957526 14 0 1 1
2004957548 13 0 1 0
2004963161 13 0 1 1
2004963183 15 0 1 0
2004968796 15 0 1 1
2004968818 12 0 1 0
2004974431 12 0 1 1
2004974453 14 0 1 0
2004980066 14 0 1 1
2004980088 13 0 1 0
2004985701 13 0 1 1
2004985723 15 0 1 0
2004991336 15 0 1 1
2004991358 12 0 1 0
2004996971 12 0 1 1
2004996993 14 0 1 0
