12 13 1 1 13 10000 10000 400000000 0 138465898 132730996
13 12 1 2 15 10000 10000 400000000 0 138465898 132730996
14 15 1 1 15 10000 10000 400000000 0 138465898 132730996
15 14 1 2 13 10000 10000 400000000 0 138465898 132730996
16 17 1 1 17 10000 10000 400000000 0 138465898 132730996
17 16 1 2 19 10000 10000 400000000 0 138465898 132730996
18 19 1 1 19 10000 10000 400000000 0 138465898 132730996
19 18 1 2 17 10000 10000 400000000 0 138465898 132730996
12 14 2 2 14 10000 10000 200000000 138465898 85398291 66380753
13 15 2 2 15 10000 10000 200000000 138465898 85495688 66380753
16 18 2 2 18 10000 10000 200000000 138465898 85882442 66380753
17 19 2 2 19 10000 10000 200000000 138465898 85906609 66380753
15 13 2 3 19 10000 10000 200000000 138465898 123243496 66380753
19 17 2 3 15 10000 10000 200000000 138465898 135806031 66380753
18 16 2 3 14 10000 10000 200000000 138465898 149112225 66380753
14 12 2 3 18 10000 10000 200000000 138465898 160883162 66380753
15 19 3 3 19 10000 10000 100000000 261709394 50102201 33220048
19 15 3 4 15 10000 10000 100000000 274271929 44501237 33220048
17 13 3 3 13 10000 10000 100000000 274271929 69562873 33220048
18 14 3 3 14 10000 10000 100000000 287578123 64027304 33220048
15 19 4 4 19 10000 10000 100000000 318773166 34652811 33220048
19 15 4 5 17 10000 10000 100000000 318773166 34652811 33220048
14 18 3 4 18 10000 10000 100000000 299349060 87917286 33220048
16 12 3 3 12 10000 10000 100000000 287578123 102845873 33220048
13 17 3 4 17 10000 10000 100000000 261709394 132332511 33220048
12 16 3 4 16 10000 10000 100000000 299349060 103387075 33220048
18 14 4 4 14 10000 10000 100000000 387266346 57582128 33220048
14 18 4 5 12 10000 10000 100000000 387266346 65987957 33220048
15 13 5 5 13 10000 10000 200000000 353425977 116551163 66380753
19 17 5 5 17 10000 10000 200000000 353425977 143404140 66380753
17 13 4 5 19 10000 10000 100000000 394041905 124571634 33220048
13 17 4 6 12 10000 10000 100000000 394041905 137107752 33220048
16 12 4 4 12 10000 10000 100000000 402736135 136611271 33220048
12 16 4 5 14 10000 10000 100000000 402736135 137217236 33220048
14 12 5 5 12 10000 10000 200000000 453254303 131380271 66380753
17 19 5 6 16 10000 10000 200000000 518613539 69197247 66380753
13 15 5 6 12 10000 10000 200000000 531149657 71310362 66380753
12 14 5 6 13 10000 10000 200000000 539953371 74730203 66380753
18 16 5 5 16 10000 10000 200000000 453254303 176863108 66380753
16 18 5 6 17 10000 10000 200000000 539953371 98917944 66380753
13 12 6 6 12 10000 10000 400000000 602460019 138935712 132730996
17 16 6 6 16 10000 10000 400000000 587810786 163092958 132730996
14 15 6 6 15 10000 10000 400000000 614683574 137952706 132730996
12 13 6 7 12 10000 10000 400000000 614683574 137969903 132730996
15 14 6 7 12 10000 10000 400000000 602460019 155138821 132730996
19 18 6 6 18 10000 10000 400000000 587810786 178318217 132730996
16 17 6 7 12 10000 10000 400000000 638871315 136996837 132730996
18 19 6 7 12 10000 10000 400000000 638871315 137127614 132730996
