138530531 18 0 1 1
138530911 15 0 1 1
138530911 19 0 1 1
138536311 15 0 1 0
138537211 19 0 1 0
138537699 18 0 1 0
138542824 15 0 1 1
138543743 19 0 1 1
138548011 15 0 1 0
138549482 19 0 1 0
138555737 15 0 1 1
138559382 15 0 1 0
261788100 3 1 4 1
261802146 3 1 4 0
261820480 3 1 4 1
261831454 3 1 4 0
261850270 3 1 4 1
261863779 3 1 4 0
261883533 3 1 4 1
261891363 3 1 4 0
262163241 3 1 4 1
262170651 3 1 4 0
262381607 3 1 4 1
262389168 3 1 4 0
262601043 3 1 4 1
262608116 3 1 4 0
262807169 3 1 4 1
262814565 3 1 4 0
262851058 3 1 4 1
262865423 3 1 4 0
262900496 3 1 4 1
262909385 3 1 4 0
262936580 3 1 4 1
262947313 3 1 4 0
262972657 3 1 4 1
262979638 3 1 4 0
263003233 3 1 4 1
263012825 3 1 4 0
263036198 3 1 4 1
263046012 3 1 4 0
263080914 3 1 4 1
263091698 3 1 4 0
263120021 3 1 4 1
263128764 3 1 4 0
263159280 3 1 4 1
263168416 3 1 4 0
263193215 3 1 4 1
263202034 3 1 4 0
263230655 3 1 4 1
263239531 3 1 4 0
263259225 3 1 4 1
263267546 3 1 4 0
263293638 3 1 4 1
263302457 3 1 4 0
263329804 3 1 4 1
263339092 3 1 4 0
263368746 3 1 4 1
263377882 3 1 4 0
263405286 3 1 4 1
263414517 3 1 4 0
263442447 3 1 4 1
263450721 3 1 4 0
263475799 3 1 4 1
263484339 3 1 4 0
263508010 3 1 4 1
263516233 3 1 4 0
263539549 3 1 4 1
263548127 3 1 4 0
263576824 3 1 4 1
263586055 3 1 4 0
263614771 3 1 4 1
263623983 3 1 4 0
263653694 3 1 4 1
263662773 3 1 4 0
263690253 3 1 4 1
263698977 3 1 4 0
263727826 3 1 4 1
263729147 3 1 4 0
263739565 3 1 4 1
263749835 3 1 4 0
263787030 3 1 4 1
263796383 3 1 4 0
263830347 3 1 4 1
263839483 3 1 4 0
263872604 3 1 4 1
263882152 3 1 4 0
263922364 3 1 4 1
263930424 3 1 4 0
263961295 3 1 4 1
263965335 3 1 4 0
263981210 3 1 4 1
263987747 3 1 4 0
264037149 3 1 4 1
264043777 3 1 4 0
264085852 3 1 4 1
264092911 3 1 4 0
299417679 0 1 4 1
299431997 0 1 4 0
299454913 1 1 4 1
299470676 1 1 4 0
299476750 0 1 4 1
299483544 0 1 4 0
300653178 0 1 4 1
300661678 0 1 4 0
300737747 0 1 4 1
300746271 0 1 4 0
300820870 0 1 4 1
300828633 0 1 4 0
300903573 0 1 4 1
300910057 0 1 4 0
300988140 0 1 4 1
300991031 0 1 4 0
394111728 0 1 4 1
394116186 0 1 4 0
402799661 9 1 1 1
402814512 9 1 1 0
453269342 10 1 2 1
453281656 10 1 2 0
453283197 3 1 4 1
453292671 1 1 3 1
453303259 3 1 4 0
453304781 1 1 3 0
453317892 3 1 4 1
453319845 1 1 3 1
453328973 3 1 4 0
453331433 1 1 3 0
453350071 3 1 4 1
453352531 1 1 3 1
453366318 1 1 3 0
453368637 3 1 4 0
453379227 1 1 3 1
453389345 3 1 4 1
453391071 1 1 3 0
453398505 3 1 4 0
453412707 3 1 4 1
453413465 1 1 3 1
453429645 1 1 3 0
453432262 3 1 4 0
453443416 1 1 3 1
453456766 1 1 3 0
453507265 1 1 3 1
453514836 1 1 3 0
453557465 1 1 3 1
453566815 1 1 3 0
455711199 3 1 4 1
455723746 3 1 4 0
455743982 3 1 4 1
455753586 3 1 4 0
455768653 3 1 4 1
455785169 3 1 4 0
455802696 10 1 2 1
455804974 3 1 4 1
455807020 10 1 2 0
455820409 3 1 4 0
455835904 3 1 4 1
455852930 3 1 4 0
455873166 3 1 4 1
455884608 3 1 4 0
455900965 3 1 4 1
455917186 3 1 4 0
455936129 3 1 4 1
455951767 3 1 4 0
455968124 3 1 4 1
455981797 3 1 4 0
456002033 3 1 4 1
456014749 3 1 4 0
456031537 3 1 4 1
456043879 3 1 4 0
456063253 3 1 4 1
456079322 3 1 4 0
456096260 3 1 4 1
456107159 3 1 4 0
456128407 3 1 4 1
456141854 3 1 4 0
456157873 3 1 4 1
456166598 3 1 4 0
456192208 3 1 4 1
456205546 3 1 4 0
456256129 3 1 4 1
456267216 3 1 4 0
456302167 1 1 3 1
456311038 1 1 3 0
456318456 3 1 4 1
456329634 3 1 4 0
456340165 1 1 3 1
456348655 1 1 3 0
456360271 1 1 3 1
456372290 1 1 3 0
456392957 1 1 3 1
456407942 1 1 3 0
456423437 1 1 3 1
456435475 1 1 3 0
456454849 1 1 3 1
456467134 1 1 3 0
456484353 1 1 3 1
456498153 1 1 3 0
456517527 1 1 3 1
456526326 1 1 3 0
456544407 1 1 3 1
456559557 1 1 3 0
456578069 1 1 3 1
456587616 1 1 3 0
456606559 1 1 3 1
456618711 1 1 3 0
456639135 1 1 3 1
456642422 1 1 3 0
456656193 1 1 3 1
456657342 1 1 3 0
456666491 1 1 3 1
456676667 1 1 3 0
456693024 1 1 3 1
456701969 1 1 3 0
456718757 1 1 3 1
456728868 1 1 3 0
456749704 1 1 3 1
456760730 1 1 3 0
456780128 1 1 3 1
456788472 1 1 3 0
456808015 1 1 3 1
456819960 1 1 3 0
456840384 1 1 3 1
456849369 1 1 3 0
456870825 1 1 3 1
456879133 1 1 3 0
456913305 1 1 3 1
456915609 1 1 3 0
456933840 1 1 3 1
456941437 1 1 3 0
456971026 1 1 3 1
456973034 1 1 3 0
461409381 3 1 4 1
461417521 3 1 4 0
461466866 3 1 4 1
461475065 3 1 4 0
461523216 3 1 4 1
461532159 3 1 4 0
461650542 3 1 4 1
461659429 3 1 4 0
470199228 10 1 2 1
470201522 10 1 2 0
587877449 19 0 1 1
587882682 19 0 1 0
587888574 19 0 1 1
587894414 19 0 1 0
587900306 19 0 1 1
587903972 19 0 1 0
587908050 17 0 1 1
587911820 17 0 1 0
587927194 17 0 1 1
587931126 17 0 1 0
612330801 13 0 1 1
612333862 13 0 1 0
612856018 13 0 1 1
612859073 13 0 1 0
613329751 13 0 1 1
613332812 13 0 1 0
