16 17 1 1 15 10000 10000 100000000 0 34627393 33194384
12 13 1 1 19 10000 10000 100000000 0 34627393 33194384
14 15 1 1 13 10000 10000 100000000 0 34627781 33194384
18 19 1 1 17 10000 10000 100000000 0 34627781 33194384
13 14 1 2 12 10000 10000 100000000 0 34640766 33207216
17 18 1 2 16 10000 10000 100000000 0 34640766 33207216
15 16 1 2 14 10000 10000 100000000 0 34662497 33228048
19 12 1 2 18 10000 10000 100000000 0 34662928 33228048
16 17 2 2 15 10000 10000 100000000 34662497 34308679 33194384
12 13 2 2 19 10000 10000 100000000 34662928 34619498 33194384
18 19 2 2 17 10000 10000 100000000 34640766 34690632 33194384
13 14 2 3 12 10000 10000 100000000 34640766 34849878 33207216
19 12 2 3 18 10000 10000 100000000 34662928 34853347 33228048
15 16 2 2 14 10000 10000 100000000 34662497 44749771 33228048
17 18 2 3 16 10000 10000 100000000 34640766 55247769 33207216
14 15 2 3 13 10000 10000 100000000 34640766 56260883 33194384
12 13 3 3 19 10000 10000 100000000 69516275 34625105 33194384
19 12 3 3 18 10000 10000 100000000 69516275 34703034 33228048
13 14 3 4 12 10000 10000 100000000 69490644 34768808 33207216
16 17 3 3 15 10000 10000 100000000 79412268 34921066 33194384
18 19 3 3 17 10000 10000 100000000 89888535 34692341 33194384
15 16 3 3 14 10000 10000 100000000 90901649 39486153 33228048
12 13 4 4 19 10000 10000 100000000 104219309 35225631 33194384
13 14 4 5 12 10000 10000 100000000 104259452 36586355 33207216
17 18 3 4 16 10000 10000 100000000 89888535 63437577 33207216
14 15 3 5 13 10000 10000 100000000 90901649 65689395 33194384
19 12 4 4 18 10000 10000 100000000 124580876 34719314 33228048
16 17 4 4 15 10000 10000 100000000 130387802 34742845 33194384
13 14 5 5 12 10000 10000 100000000 140845807 36200441 33207216
18 19 4 4 17 10000 10000 100000000 153326112 34769605 33194384
15 16 4 4 14 10000 10000 100000000 156591044 36097436 33228048
### 14 18 10001 10001 200000000 40000000 153555445 66409585
12 13 5 5 19 10000 10000 100000000 159300190 34795908 33194384
14 15 4 6 13 10000 10000 100000000 156591044 50258792 33194384
17 18 4 5 16 10000 10000 100000000 153326112 58321945 33207216
19 12 5 5 18 10000 10000 100000000 188095717 34694452 33228048
16 17 5 5 15 10000 10000 100000000 192688480 35111717 33194384
13 14 6 6 12 10000 10000 100000000 194096098 35411813 33207216
14 15 5 7 13 10000 10000 100000000 206849836 35173367 33194384
15 16 5 6 14 10000 10000 100000000 206849836 38090741 33228048
18 19 5 5 17 10000 10000 100000000 211648057 34628690 33194384
17 18 5 6 16 10000 10000 100000000 211648057 34640832 33207216
14 15 6 7 13 10000 10000 100000000 242023203 34851874 33194384
16 17 6 6 15 10000 10000 100000000 244940577 35212641 33194384
18 19 6 6 17 10000 10000 100000000 246288889 34532081 33194384
17 18 6 7 16 10000 10000 100000000 246288889 36906010 33207216
19 12 6 7 18 10000 10000 100000000 246276747 38287532 33228048
12 13 6 7 19 10000 10000 100000000 222790169 68265710 33194384
15 16 6 7 14 10000 10000 100000000 244940577 48559268 33228048
14 15 7 7 13 10000 10000 100000000 276875077 35146316 33194384
### 12 13 10001 10001 200000000 200000000 114691718 66375921
18 19 7 7 17 10000 10000 100000000 283194899 34628690 33194384
17 18 7 7 16 10000 10000 100000000 283194899 34644506 33207216
19 12 7 8 18 10000 10000 100000000 284564279 35300653 33228048
13 14 7 7 12 10000 10000 100000000 291055879 34728112 33207216
16 17 7 7 15 10000 10000 100000000 293499845 34610751 33194384
15 16 7 8 14 10000 10000 100000000 293499845 35082008 33228048
12 13 7 8 19 10000 10000 100000000 291055879 47092390 33194384
18 19 8 8 17 10000 10000 100000000 317839405 35202113 33194384
19 12 8 9 18 10000 10000 100000000 319864932 37187816 33228048
14 15 8 8 13 10000 10000 100000000 325783991 35169601 33194384
17 18 8 8 16 10000 10000 100000000 328110596 34747061 33207216
16 17 8 8 15 10000 10000 100000000 328581853 35291822 33194384
15 16 8 9 14 10000 10000 100000000 328581853 37594335 33228048
12 13 8 9 19 10000 10000 100000000 338148269 34613920 33194384
13 14 8 9 12 10000 10000 100000000 338148269 34942120 33207216
19 12 9 9 18 10000 10000 100000000 357052748 35491586 33228048
18 19 9 9 17 10000 10000 100000000 362857657 34594918 33194384
17 18 9 9 16 10000 10000 100000000 363873675 34659134 33207216
16 17 9 9 15 10000 10000 100000000 366176188 34607975 33194384
15 16 9 9 14 10000 10000 100000000 366176188 35096915 33228048
14 15 9 9 13 10000 10000 100000000 373090389 34611191 33194384
12 13 9 10 19 10000 10000 100000000 372762189 35296891 33194384
13 14 9 10 12 10000 10000 100000000 373090389 35022391 33207216
19 12 10 10 18 10000 10000 100000000 397452575 35774795 33228048
18 19 10 10 17 10000 10000 100000000 398532809 35290163 33194384
17 18 10 10 16 10000 10000 100000000 400784163 35009339 33207216
16 17 10 10 15 10000 10000 100000000 401273103 35272008 33194384
14 15 10 10 13 10000 10000 100000000 408112780 34634846 33194384
15 16 10 11 14 10000 10000 100000000 407701580 35248301 33228048
13 14 10 10 12 10000 10000 100000000 408112780 34919286 33207216
12 13 10 11 19 10000 10000 100000000 408059080 35301773 33194384
19 12 11 11 18 10000 10000 100000000 433822972 35375192 33228048
18 19 11 11 17 10000 10000 100000000 435793502 34605643 33194384
17 18 11 11 16 10000 10000 100000000 436545111 34651864 33207216
16 17 11 11 15 10000 10000 100000000 442949881 34594711 33194384
14 15 11 11 13 10000 10000 100000000 443032066 34625337 33194384
13 14 11 11 12 10000 10000 100000000 443360853 34691239 33207216
15 16 11 12 14 10000 10000 100000000 442949881 35420664 33228048
12 13 11 12 19 10000 10000 100000000 443360853 35295379 33194384
18 19 12 12 17 10000 10000 100000000 471196975 35257852 33194384
19 12 12 13 18 10000 10000 100000000 470399145 36303369 33228048
17 18 12 12 16 10000 10000 100000000 477544592 34659810 33207216
14 15 12 12 13 10000 10000 100000000 478052092 34604912 33194384
16 17 12 12 15 10000 10000 100000000 478370545 34607769 33194384
12 13 12 13 19 10000 10000 100000000 478656232 34627049 33194384
13 14 12 13 12 10000 10000 100000000 478656232 34641149 33207216
15 16 12 13 14 10000 10000 100000000 478370545 35139912 33228048
19 12 13 13 18 10000 10000 100000000 506702514 35393483 33228048
18 19 13 13 17 10000 10000 100000000 512204402 34599393 33194384
17 18 13 13 16 10000 10000 100000000 512978314 34665960 33207216
14 15 13 13 13 10000 10000 100000000 513297381 34628460 33194384
16 17 13 13 15 10000 10000 100000000 513510457 34606578 33194384
13 14 13 13 12 10000 10000 100000000 513297381 34992492 33207216
12 13 13 14 19 10000 10000 100000000 513283281 35295556 33194384
15 16 13 14 14 10000 10000 100000000 513510457 35283891 33228048
19 12 14 14 18 10000 10000 100000000 546803795 35110438 33228048
18 19 14 14 17 10000 10000 100000000 547644274 34623618 33194384
17 18 14 14 16 10000 10000 100000000 548117035 34632593 33207216
14 15 14 14 13 10000 10000 100000000 548289873 34617273 33194384
13 14 14 14 12 10000 10000 100000000 548578837 34666563 33207216
16 17 14 14 15 10000 10000 100000000 548794348 34621348 33194384
15 16 14 15 12 10000 10000 100000000 548794348 34858578 33228048
12 13 14 15 12 10000 10000 100000000 548578837 35087550 33194384
