40120394 6 1 2 1
40128810 6 1 2 0
70688267 16 0 1 1
70695334 16 0 1 0
77532553 16 0 1 1
77539628 16 0 1 0
77891173 16 0 1 1
77898245 16 0 1 0
78213137 16 0 1 1
78220196 16 0 1 0
78537680 16 0 1 1
78544752 16 0 1 0
78858222 16 0 1 1
78865277 16 0 1 0
79152302 16 0 1 1
79159353 16 0 1 0
79447240 16 0 1 1
79454291 16 0 1 0
79740023 16 0 1 1
79747074 16 0 1 0
80033237 16 0 1 1
80040307 16 0 1 0
80326901 16 0 1 1
80333971 16 0 1 0
80621427 16 0 1 1
80628497 16 0 1 0
80915522 16 0 1 1
80922592 16 0 1 0
81208755 16 0 1 1
81215825 16 0 1 0
81502419 16 0 1 1
81509489 16 0 1 0
81797807 16 0 1 1
81804877 16 0 1 0
82091902 16 0 1 1
82098972 16 0 1 0
82384704 16 0 1 1
82391774 16 0 1 0
82677075 16 0 1 1
82684164 16 0 1 0
82969896 16 0 1 1
82976966 16 0 1 0
83263560 16 0 1 1
83270630 16 0 1 0
83557655 16 0 1 1
83564725 16 0 1 0
83881343 16 0 1 1
83888419 16 0 1 0
84205471 16 0 1 1
84212544 16 0 1 0
84523429 16 0 1 1
84530521 16 0 1 0
84847134 16 0 1 1
84854215 16 0 1 0
85169539 16 0 1 1
85176635 16 0 1 0
85492823 16 0 1 1
85499898 16 0 1 0
85816518 16 0 1 1
85823592 16 0 1 0
86140212 16 0 1 1
86147286 16 0 1 0
86451982 16 0 1 1
86459058 16 0 1 0
86747376 16 0 1 1
86754446 16 0 1 0
87041902 16 0 1 1
87048953 16 0 1 0
87336409 16 0 1 1
87343479 16 0 1 0
87631366 16 0 1 1
87638436 16 0 1 0
87927185 16 0 1 1
87934255 16 0 1 0
88221280 16 0 1 1
88228350 16 0 1 0
88515375 16 0 1 1
88522445 16 0 1 0
88809039 16 0 1 1
88816109 16 0 1 0
89102272 16 0 1 1
89109342 16 0 1 0
89395936 16 0 1 1
89403006 16 0 1 0
89690893 16 0 1 1
89697963 16 0 1 0
89985850 16 0 1 1
89992901 16 0 1 0
90279926 16 0 1 1
90286958 16 0 1 0
90573121 16 0 1 1
90580172 16 0 1 0
90865904 16 0 1 1
90872955 16 0 1 0
91158687 16 0 1 1
91165757 16 0 1 0
91451920 16 0 1 1
91458971 16 0 1 0
91773857 16 0 1 1
91780941 16 0 1 0
92131609 16 0 1 1
92138677 16 0 1 0
92489356 16 0 1 1
92496432 16 0 1 0
92893039 16 0 1 1
92900113 16 0 1 0
93299761 16 0 1 1
93306754 16 0 1 0
93412544 6 1 2 1
93420659 6 1 2 0
94201376 16 0 1 1
94208310 16 0 1 0
94668786 16 0 1 1
94675850 16 0 1 0
104853434 12 0 1 1
104860634 12 0 1 0
105026979 12 0 1 1
105034201 12 0 1 0
105200977 12 0 1 1
105208199 12 0 1 0
105374544 12 0 1 1
105381728 12 0 1 0
105548073 12 0 1 1
105555295 12 0 1 0
105722083 12 0 1 1
105729293 12 0 1 0
105895638 12 0 1 1
105902841 12 0 1 0
106069186 12 0 1 1
106076370 12 0 1 0
106241853 12 0 1 1
106249018 12 0 1 0
106414501 12 0 1 1
106421685 12 0 1 0
106587599 12 0 1 1
106594783 12 0 1 0
106760697 12 0 1 1
106767900 12 0 1 0
106934676 12 0 1 1
106941898 12 0 1 0
107108674 12 0 1 1
107115896 12 0 1 0
107282241 12 0 1 1
107289425 12 0 1 0
107455339 12 0 1 1
107462523 12 0 1 0
107628006 12 0 1 1
107635190 12 0 1 0
107801104 12 0 1 1
107808269 12 0 1 0
113247572 12 0 1 1
113254746 12 0 1 0
113453018 12 0 1 1
113460244 12 0 1 0
113658950 12 0 1 1
113666154 12 0 1 0
113863992 12 0 1 1
113871183 12 0 1 0
114069021 12 0 1 1
114076212 12 0 1 0
114264603 12 0 1 1
114271772 12 0 1 0
114457478 12 0 1 1
114464689 12 0 1 0
114651261 12 0 1 1
114658468 12 0 1 0
114845040 12 0 1 1
114852247 12 0 1 0
115037481 12 0 1 1
115044676 12 0 1 0
115220464 12 0 1 1
115227674 12 0 1 0
115403462 12 0 1 1
115410672 12 0 1 0
115586460 12 0 1 1
115593651 12 0 1 0
115769871 12 0 1 1
115777099 12 0 1 0
115951088 12 0 1 1
115958297 12 0 1 0
116125073 12 0 1 1
116132276 12 0 1 0
116298190 12 0 1 1
116305393 12 0 1 0
116471738 12 0 1 1
116478922 12 0 1 0
116644836 12 0 1 1
116652020 12 0 1 0
116817934 12 0 1 1
116825137 12 0 1 0
117000923 12 0 1 1
117008135 12 0 1 0
117183923 12 0 1 1
117191114 12 0 1 0
117366470 12 0 1 1
117373643 12 0 1 0
117548999 12 0 1 1
117556191 12 0 1 0
117731547 12 0 1 1
117738758 12 0 1 0
117905103 12 0 1 1
117912287 12 0 1 0
118078201 12 0 1 1
118085404 12 0 1 0
118252180 12 0 1 1
118259383 12 0 1 0
118425297 12 0 1 1
118432481 12 0 1 0
118598395 12 0 1 1
118605598 12 0 1 0
118771943 12 0 1 1
118779146 12 0 1 0
118945491 12 0 1 1
118952675 12 0 1 0
119119020 12 0 1 1
119126223 12 0 1 0
119292568 12 0 1 1
119299790 12 0 1 0
119466566 12 0 1 1
119473788 12 0 1 0
119640133 12 0 1 1
119647336 12 0 1 0
119813681 12 0 1 1
119820884 12 0 1 0
119987229 12 0 1 1
119994413 12 0 1 0
120160327 12 0 1 1
120167530 12 0 1 0
120334306 12 0 1 1
120341528 12 0 1 0
120508304 12 0 1 1
120515526 12 0 1 0
120682302 12 0 1 1
120689524 12 0 1 0
120855869 12 0 1 1
120863053 12 0 1 0
121028967 12 0 1 1
121036170 12 0 1 0
121202084 12 0 1 1
121209268 12 0 1 0
121375613 12 0 1 1
121382816 12 0 1 0
121549161 12 0 1 1
121556345 12 0 1 0
121722259 12 0 1 1
121729443 12 0 1 0
121895788 12 0 1 1
121903010 12 0 1 0
122069786 12 0 1 1
122076989 12 0 1 0
122242903 12 0 1 1
122250106 12 0 1 0
122416451 12 0 1 1
122423635 12 0 1 0
122589549 12 0 1 1
122596752 12 0 1 0
122763528 12 0 1 1
122770750 12 0 1 0
122937095 12 0 1 1
122944298 12 0 1 0
123111074 12 0 1 1
123118277 12 0 1 0
123284191 12 0 1 1
123291375 12 0 1 0
123457289 12 0 1 1
123464492 12 0 1 0
123630837 12 0 1 1
123638040 12 0 1 0
123804385 12 0 1 1
123811588 12 0 1 0
123977933 12 0 1 1
123985117 12 0 1 0
124151031 12 0 1 1
124158196 12 0 1 0
124324110 12 0 1 1
124331294 12 0 1 0
124497208 12 0 1 1
124504392 12 0 1 0
124669875 12 0 1 1
124677059 12 0 1 0
124842973 12 0 1 1
124850138 12 0 1 0
125016052 12 0 1 1
125023236 12 0 1 0
125188719 12 0 1 1
125195884 12 0 1 0
125361367 12 0 1 1
125368551 12 0 1 0
125534465 12 0 1 1
125541630 12 0 1 0
125707113 12 0 1 1
125714297 12 0 1 0
125880211 12 0 1 1
125887376 12 0 1 0
126052859 12 0 1 1
126060024 12 0 1 0
126225938 12 0 1 1
126233122 12 0 1 0
126398605 12 0 1 1
126405770 12 0 1 0
126571684 12 0 1 1
126578868 12 0 1 0
126744782 12 0 1 1
126751985 12 0 1 0
126918761 12 0 1 1
126925964 12 0 1 0
127092309 12 0 1 1
127099531 12 0 1 0
127266307 12 0 1 1
127273510 12 0 1 0
127439424 12 0 1 1
127446608 12 0 1 0
127612522 12 0 1 1
127619725 12 0 1 0
127786070 12 0 1 1
127793273 12 0 1 0
130525962 16 0 1 1
130533029 16 0 1 0
130808848 16 0 1 1
130815899 16 0 1 0
131090425 16 0 1 1
131097495 16 0 1 0
131373745 16 0 1 1
131380815 16 0 1 0
131657496 16 0 1 1
131664566 16 0 1 0
131940816 16 0 1 1
131947886 16 0 1 0
132223705 16 0 1 1
132230775 16 0 1 0
132507025 16 0 1 1
132514095 16 0 1 0
132789914 16 0 1 1
132796984 16 0 1 0
133074958 16 0 1 1
133082028 16 0 1 0
133359571 16 0 1 1
133366622 16 0 1 0
133643734 16 0 1 1
133650804 16 0 1 0
133927054 16 0 1 1
133934124 16 0 1 0
134210374 16 0 1 1
134217444 16 0 1 0
134493694 16 0 1 1
134500764 16 0 1 0
134777876 16 0 1 1
134784927 16 0 1 0
135062039 16 0 1 1
135069109 16 0 1 0
135347083 16 0 1 1
135354153 16 0 1 0
135632558 16 0 1 1
135639628 16 0 1 0
135918895 16 0 1 1
135925965 16 0 1 0
136204370 16 0 1 1
136211421 16 0 1 0
136490257 16 0 1 1
136497327 16 0 1 0
136774870 16 0 1 1
136781940 16 0 1 0
137059932 16 0 1 1
137066984 16 0 1 0
137345389 16 0 1 1
137352493 16 0 1 0
137631760 16 0 1 1
137638834 16 0 1 0
137915946 16 0 1 1
137922997 16 0 1 0
138200109 16 0 1 1
138207179 16 0 1 0
138485153 16 0 1 1
138492223 16 0 1 0
138771490 16 0 1 1
138778560 16 0 1 0
139057827 16 0 1 1
139064897 16 0 1 0
139344164 16 0 1 1
139351234 16 0 1 0
146105035 16 0 1 1
146112115 16 0 1 0
146454134 16 0 1 1
146461193 16 0 1 0
146777577 16 0 1 1
146784683 16 0 1 0
147094391 16 0 1 1
147101463 16 0 1 0
147411603 16 0 1 1
147418673 16 0 1 0
147703175 16 0 1 1
147710258 16 0 1 0
148020830 16 0 1 1
148027899 16 0 1 0
148338471 16 0 1 1
148345540 16 0 1 0
148655680 16 0 1 1
148662750 16 0 1 0
148973322 16 0 1 1
148980391 16 0 1 0
149289667 16 0 1 1
149296720 16 0 1 0
149598003 16 0 1 1
149605101 16 0 1 0
149886523 16 0 1 1
149893593 16 0 1 0
150204164 16 0 1 1
150211234 16 0 1 0
150521374 16 0 1 1
150528425 16 0 1 0
150838133 16 0 1 1
150845204 16 0 1 0
151155344 16 0 1 1
151162395 16 0 1 0
151475991 16 0 1 1
151483053 16 0 1 0
151787375 16 0 1 1
151794451 16 0 1 0
152079321 16 0 1 1
152086391 16 0 1 0
152371261 16 0 1 1
152378331 16 0 1 0
152662770 16 0 1 1
152669821 16 0 1 0
152953829 16 0 1 1
152960880 16 0 1 0
153275337 16 0 1 1
153282419 16 0 1 0
153596879 16 0 1 1
153603958 16 0 1 0
153913561 16 0 1 1
153920642 16 0 1 0
154149138 6 1 2 1
154156528 6 1 2 0
154208529 16 0 1 1
154215599 16 0 1 0
155262908 16 0 1 1
155269959 16 0 1 0
155577241 16 0 1 1
155584273 16 0 1 0
155907502 16 0 1 1
155914534 16 0 1 0
156215351 16 0 1 1
156222421 16 0 1 0
156509877 16 0 1 1
156516928 16 0 1 0
156804815 16 0 1 1
156811866 16 0 1 0
157101477 16 0 1 1
157108547 16 0 1 0
163427942 12 0 1 1
163435161 12 0 1 0
163601506 12 0 1 1
163608709 12 0 1 0
163774623 12 0 1 1
163781807 12 0 1 0
163947290 12 0 1 1
163954493 12 0 1 0
164120838 12 0 1 1
164128041 12 0 1 0
164293955 12 0 1 1
164301158 12 0 1 0
164467934 12 0 1 1
164475156 12 0 1 0
164641501 12 0 1 1
164648704 12 0 1 0
164814618 12 0 1 1
164821802 12 0 1 0
164988147 12 0 1 1
164995350 12 0 1 0
165161264 12 0 1 1
165168467 12 0 1 0
165334381 12 0 1 1
165341565 12 0 1 0
165507048 12 0 1 1
165514232 12 0 1 0
165680146 12 0 1 1
165687330 12 0 1 0
165853675 12 0 1 1
165860878 12 0 1 0
166026792 12 0 1 1
166033995 12 0 1 0
166199909 12 0 1 1
166207112 12 0 1 0
166373026 12 0 1 1
166380229 12 0 1 0
166546574 12 0 1 1
166553777 12 0 1 0
166719691 12 0 1 1
166726856 12 0 1 0
166892770 12 0 1 1
166899992 12 0 1 0
167066768 12 0 1 1
167073990 12 0 1 0
167240766 12 0 1 1
167247988 12 0 1 0
167414333 12 0 1 1
167421517 12 0 1 0
167587000 12 0 1 1
167594184 12 0 1 0
167760098 12 0 1 1
167767282 12 0 1 0
167933627 12 0 1 1
167940830 12 0 1 0
168106313 12 0 1 1
168113497 12 0 1 0
168279411 12 0 1 1
168286614 12 0 1 0
168452528 12 0 1 1
168459712 12 0 1 0
168626057 12 0 1 1
168633279 12 0 1 0
168800055 12 0 1 1
168807277 12 0 1 0
168973191 12 0 1 1
168980375 12 0 1 0
169146289 12 0 1 1
169153473 12 0 1 0
169319387 12 0 1 1
169326590 12 0 1 0
169492935 12 0 1 1
169500138 12 0 1 0
169666052 12 0 1 1
169673236 12 0 1 0
169839150 12 0 1 1
169846353 12 0 1 0
170012698 12 0 1 1
170019882 12 0 1 0
170185796 12 0 1 1
170192999 12 0 1 0
170359344 12 0 1 1
170366547 12 0 1 0
170532461 12 0 1 1
170539664 12 0 1 0
170706009 12 0 1 1
170713212 12 0 1 0
170879557 12 0 1 1
170886779 12 0 1 0
192774270 16 0 1 1
192781337 16 0 1 0
193047674 16 0 1 1
193054744 16 0 1 0
193320219 16 0 1 1
193327289 16 0 1 0
193592775 16 0 1 1
193599853 16 0 1 0
193865328 16 0 1 1
193872417 16 0 1 0
194138334 16 0 1 1
194145412 16 0 1 0
194410887 16 0 1 1
194417976 16 0 1 0
194683451 16 0 1 1
194690540 16 0 1 0
194916794 16 0 1 1
194923902 16 0 1 0
195142398 16 0 1 1
195149525 16 0 1 0
195367159 16 0 1 1
195374286 16 0 1 0
195591058 16 0 1 1
195598166 16 0 1 0
195814507 16 0 1 1
195821634 16 0 1 0
196038837 16 0 1 1
196045964 16 0 1 0
196262305 16 0 1 1
196269432 16 0 1 0
196485342 16 0 1 1
196492469 16 0 1 0
196708379 16 0 1 1
196715506 16 0 1 0
196931416 16 0 1 1
196938543 16 0 1 0
197153591 16 0 1 1
197160718 16 0 1 0
197375335 16 0 1 1
197382443 16 0 1 0
197597060 16 0 1 1
197604187 16 0 1 0
197819235 16 0 1 1
197826362 16 0 1 0
198040979 16 0 1 1
198048106 16 0 1 0
200070801 13 0 1 1
200084285 13 0 1 0
204070842 16 0 1 1
204077989 16 0 1 0
204337021 16 0 1 1
204344150 16 0 1 0
204582705 16 0 1 1
204589839 16 0 1 0
204827072 16 0 1 1
204834197 16 0 1 0
205071430 16 0 1 1
205078555 16 0 1 0
205314922 16 0 1 1
205322070 16 0 1 0
205558437 16 0 1 1
205565566 16 0 1 0
205801067 16 0 1 1
205808200 16 0 1 0
206044134 16 0 1 1
206051265 16 0 1 0
206305073 16 0 1 1
206312216 16 0 1 0
206566474 16 0 1 1
206573634 16 0 1 0
206828760 16 0 1 1
206835899 16 0 1 0
207079484 16 0 1 1
207086633 16 0 1 0
207320835 16 0 1 1
207327993 16 0 1 0
207560896 16 0 1 1
207568041 16 0 1 0
207801377 16 0 1 1
207808520 16 0 1 0
208041423 16 0 1 1
208048568 16 0 1 0
208281038 16 0 1 1
208288185 16 0 1 0
208521088 16 0 1 1
208528233 16 0 1 0
208760703 16 0 1 1
208767850 16 0 1 0
208984678 16 0 1 1
208991831 16 0 1 0
209208227 16 0 1 1
209215381 16 0 1 0
209418386 16 0 1 1
209425589 16 0 1 0
209537819 14 0 1 1
209547472 14 0 1 0
209578522 14 0 1 1
209588422 14 0 1 0
209609551 14 0 1 1
209614522 14 0 1 0
210193343 0 1 4 1
210201006 0 1 4 0
210373369 0 1 4 1
210381013 0 1 4 0
210553807 0 1 4 1
210561470 0 1 4 0
210734207 0 1 4 1
210741870 0 1 4 0
210913314 0 1 4 1
210920958 0 1 4 0
211092421 0 1 4 1
211100084 0 1 4 0
211271978 0 1 4 1
211279641 0 1 4 0
211451516 0 1 4 1
211459141 0 1 4 0
211629907 0 1 4 1
211637570 0 1 4 0
211803671 0 1 4 1
211810884 0 1 4 0
212102085 0 1 4 1
212109298 0 1 4 0
212278530 0 1 4 1
212286212 0 1 4 0
212455875 0 1 4 1
212463519 0 1 4 0
212633632 0 1 4 1
212641314 0 1 4 0
212812327 0 1 4 1
212819990 0 1 4 0
212991884 0 1 4 1
212999547 0 1 4 0
213171460 0 1 4 1
213179123 0 1 4 0
213351467 0 1 4 1
213359130 0 1 4 0
213531531 0 1 4 1
213539194 0 1 4 0
213702557 0 1 4 1
213710182 0 1 4 0
213873583 0 1 4 1
213881227 0 1 4 0
214045509 0 1 4 1
214053172 0 1 4 0
214218335 0 1 4 1
214225998 0 1 4 0
214392042 0 1 4 1
214399724 0 1 4 0
214566237 0 1 4 1
214573881 0 1 4 0
214740863 0 1 4 1
214748545 0 1 4 0
214916839 0 1 4 1
214924521 0 1 4 0
215093284 0 1 4 1
215100947 0 1 4 0
215270610 0 1 4 1
215278273 0 1 4 0
215447936 0 1 4 1
215455618 0 1 4 0
215626631 0 1 4 1
215634294 0 1 4 0
215805700 0 1 4 1
215813363 0 1 4 0
215983907 0 1 4 1
215991589 0 1 4 0
216163052 0 1 4 1
216170734 0 1 4 0
216342685 0 1 4 1
216350310 0 1 4 0
216523142 0 1 4 1
216531217 0 1 4 0
216704087 0 1 4 1
216711731 0 1 4 0
216875994 0 1 4 1
216883676 0 1 4 0
217048820 0 1 4 1
217056483 0 1 4 0
217221646 0 1 4 1
217229328 0 1 4 0
217395803 0 1 4 1
217403466 0 1 4 0
217569548 0 1 4 1
217577211 0 1 4 0
217744174 0 1 4 1
217751837 0 1 4 0
217919700 0 1 4 1
217927344 0 1 4 0
218095207 0 1 4 1
218102889 0 1 4 0
218272083 0 1 4 1
218279765 0 1 4 0
218448997 0 1 4 1
218456641 0 1 4 0
218626754 0 1 4 1
218634417 0 1 4 0
218804999 0 1 4 1
218812643 0 1 4 0
218983675 0 1 4 1
218991319 0 1 4 0
219163251 0 1 4 1
219170914 0 1 4 0
219343296 0 1 4 1
219350509 0 1 4 0
219513872 0 1 4 1
219521535 0 1 4 0
219685348 0 1 4 1
219693011 0 1 4 0
219857255 0 1 4 1
219864937 0 1 4 0
220030100 0 1 4 1
220037763 0 1 4 0
220203357 0 1 4 1
220211020 0 1 4 0
220377102 0 1 4 1
220384746 0 1 4 0
220551278 0 1 4 1
220558903 0 1 4 0
220725473 0 1 4 1
220733098 0 1 4 0
220900980 0 1 4 1
220908643 0 1 4 0
221077406 0 1 4 1
221085088 0 1 4 0
221255201 0 1 4 1
221262845 0 1 4 0
221432508 0 1 4 1
221440171 0 1 4 0
221610284 0 1 4 1
221617947 0 1 4 0
221788941 0 1 4 1
221796585 0 1 4 0
221967167 0 1 4 1
221974811 0 1 4 0
222145843 0 1 4 1
222153487 0 1 4 0
222325419 0 1 4 1
222332670 0 1 4 0
222496033 0 1 4 1
222503696 0 1 4 0
222667528 0 1 4 1
222675191 0 1 4 0
222839904 0 1 4 1
222847567 0 1 4 0
223013180 0 1 4 1
223020824 0 1 4 0
223186456 0 1 4 1
223194100 0 1 4 0
223359152 0 1 4 1
223366354 0 1 4 0
223529251 0 1 4 1
223536454 0 1 4 0
223699351 0 1 4 1
223706554 0 1 4 0
223869451 0 1 4 1
223876654 0 1 4 0
224039551 0 1 4 1
224046754 0 1 4 0
224210109 0 1 4 1
224217318 0 1 4 0
224380215 0 1 4 1
224387418 0 1 4 0
224550315 0 1 4 1
224557518 0 1 4 0
224720415 0 1 4 1
224727618 0 1 4 0
224890515 0 1 4 1
224897718 0 1 4 0
225060615 0 1 4 1
225067818 0 1 4 0
225230715 0 1 4 1
225237918 0 1 4 0
225400815 0 1 4 1
225408018 0 1 4 0
225570915 0 1 4 1
225578118 0 1 4 0
225741015 0 1 4 1
225748218 0 1 4 0
225911115 0 1 4 1
225918318 0 1 4 0
226081215 0 1 4 1
226088418 0 1 4 0
226251315 0 1 4 1
226258518 0 1 4 0
226421415 0 1 4 1
226428618 0 1 4 0
226591515 0 1 4 1
226598718 0 1 4 0
226759460 0 1 4 1
226766663 0 1 4 0
226929560 0 1 4 1
226936763 0 1 4 0
227099660 0 1 4 1
227106863 0 1 4 0
227270218 0 1 4 1
227277427 0 1 4 0
227440324 0 1 4 1
227447527 0 1 4 0
227610424 0 1 4 1
227617627 0 1 4 0
227780524 0 1 4 1
227787727 0 1 4 0
227950624 0 1 4 1
227957827 0 1 4 0
228120724 0 1 4 1
228127927 0 1 4 0
228290824 0 1 4 1
228298027 0 1 4 0
228460924 0 1 4 1
228468127 0 1 4 0
228631024 0 1 4 1
228638227 0 1 4 0
228801124 0 1 4 1
228808327 0 1 4 0
228971224 0 1 4 1
228978427 0 1 4 0
229141324 0 1 4 1
229148527 0 1 4 0
229311424 0 1 4 1
229318627 0 1 4 0
229481524 0 1 4 1
229488727 0 1 4 0
229651624 0 1 4 1
229658827 0 1 4 0
229821724 0 1 4 1
229828927 0 1 4 0
229991824 0 1 4 1
229999027 0 1 4 0
230162382 0 1 4 1
230169591 0 1 4 0
230332488 0 1 4 1
230339691 0 1 4 0
230502588 0 1 4 1
230509791 0 1 4 0
230672688 0 1 4 1
230679891 0 1 4 0
230842788 0 1 4 1
230849991 0 1 4 0
231012888 0 1 4 1
231020091 0 1 4 0
231182988 0 1 4 1
231190191 0 1 4 0
231353088 0 1 4 1
231360291 0 1 4 0
231523188 0 1 4 1
231530391 0 1 4 0
231693288 0 1 4 1
231700491 0 1 4 0
231863388 0 1 4 1
231870591 0 1 4 0
232033488 0 1 4 1
232040691 0 1 4 0
232203588 0 1 4 1
232210791 0 1 4 0
232373688 0 1 4 1
232380891 0 1 4 0
232543788 0 1 4 1
232550991 0 1 4 0
232713888 0 1 4 1
232721091 0 1 4 0
232883988 0 1 4 1
232891191 0 1 4 0
233054088 0 1 4 1
233061291 0 1 4 0
233224646 0 1 4 1
233231855 0 1 4 0
233394752 0 1 4 1
233401955 0 1 4 0
233564852 0 1 4 1
233572055 0 1 4 0
233734952 0 1 4 1
233742155 0 1 4 0
233905052 0 1 4 1
233912255 0 1 4 0
234075152 0 1 4 1
234082355 0 1 4 0
234245252 0 1 4 1
234252455 0 1 4 0
234415352 0 1 4 1
234422555 0 1 4 0
234585452 0 1 4 1
234592655 0 1 4 0
234755552 0 1 4 1
234762755 0 1 4 0
234925652 0 1 4 1
234932855 0 1 4 0
235095752 0 1 4 1
235102955 0 1 4 0
235265852 0 1 4 1
235273055 0 1 4 0
235435952 0 1 4 1
235443155 0 1 4 0
235606052 0 1 4 1
235613255 0 1 4 0
235776152 0 1 4 1
235783355 0 1 4 0
235946252 0 1 4 1
235953455 0 1 4 0
236116352 0 1 4 1
236123555 0 1 4 0
236286910 0 1 4 1
236294119 0 1 4 0
236457016 0 1 4 1
236464219 0 1 4 0
236627116 0 1 4 1
236634319 0 1 4 0
236797216 0 1 4 1
236804419 0 1 4 0
236967316 0 1 4 1
236974519 0 1 4 0
237137416 0 1 4 1
237144619 0 1 4 0
237307516 0 1 4 1
237314719 0 1 4 0
237477616 0 1 4 1
237484819 0 1 4 0
237647716 0 1 4 1
237654919 0 1 4 0
237817816 0 1 4 1
237825019 0 1 4 0
237987916 0 1 4 1
237995119 0 1 4 0
238158016 0 1 4 1
238165219 0 1 4 0
238328116 0 1 4 1
238335319 0 1 4 0
238498216 0 1 4 1
238505419 0 1 4 0
238668316 0 1 4 1
238675519 0 1 4 0
238838416 0 1 4 1
238845619 0 1 4 0
239008516 0 1 4 1
239015719 0 1 4 0
239179074 0 1 4 1
239186283 0 1 4 0
239349180 0 1 4 1
239356383 0 1 4 0
239519280 0 1 4 1
239526483 0 1 4 0
239689380 0 1 4 1
239696583 0 1 4 0
239859480 0 1 4 1
239866683 0 1 4 0
240029580 0 1 4 1
240036783 0 1 4 0
240199680 0 1 4 1
240206883 0 1 4 0
240369780 0 1 4 1
240376983 0 1 4 0
240539896 0 1 4 1
240547083 0 1 4 0
240709980 0 1 4 1
240717183 0 1 4 0
240880080 0 1 4 1
240887283 0 1 4 0
241050180 0 1 4 1
241057383 0 1 4 0
241220280 0 1 4 1
241227483 0 1 4 0
241390380 0 1 4 1
241397583 0 1 4 0
241560480 0 1 4 1
241567683 0 1 4 0
241730580 0 1 4 1
241737783 0 1 4 0
241900680 0 1 4 1
241907883 0 1 4 0
242070780 0 1 4 1
242077983 0 1 4 0
242241338 0 1 4 1
242248547 0 1 4 0
242411444 0 1 4 1
242418647 0 1 4 0
242581544 0 1 4 1
242588747 0 1 4 0
242751644 0 1 4 1
242758847 0 1 4 0
242921744 0 1 4 1
242928947 0 1 4 0
243091860 0 1 4 1
243099047 0 1 4 0
243261944 0 1 4 1
243269147 0 1 4 0
243432044 0 1 4 1
243439247 0 1 4 0
243602144 0 1 4 1
243609347 0 1 4 0
243772244 0 1 4 1
243779447 0 1 4 0
243943067 0 1 4 1
243950730 0 1 4 0
244846359 16 0 1 1
244853559 16 0 1 0
245016456 16 0 1 1
245023659 16 0 1 0
245186556 16 0 1 1
245193759 16 0 1 0
245356656 16 0 1 1
245363859 16 0 1 0
245526756 16 0 1 1
245533959 16 0 1 0
245696856 16 0 1 1
245704059 16 0 1 0
245866956 16 0 1 1
245874159 16 0 1 0
246037056 16 0 1 1
246044259 16 0 1 0
246207156 16 0 1 1
246214359 16 0 1 0
246377256 16 0 1 1
246384459 16 0 1 0
246547356 16 0 1 1
246554559 16 0 1 0
251949094 16 0 1 1
251956300 16 0 1 0
252151598 16 0 1 1
252158800 16 0 1 0
252352298 16 0 1 1
252359500 16 0 1 0
252566044 16 0 1 1
252573250 16 0 1 0
252779794 16 0 1 1
252787000 16 0 1 0
252993544 16 0 1 1
253000750 16 0 1 0
253207294 16 0 1 1
253214500 16 0 1 0
253421044 16 0 1 1
253428250 16 0 1 0
253634794 16 0 1 1
253642000 16 0 1 0
253848544 16 0 1 1
253855750 16 0 1 0
254062294 16 0 1 1
254069500 16 0 1 0
254268837 16 0 1 1
254276050 16 0 1 0
254469548 16 0 1 1
254476750 16 0 1 0
254682844 16 0 1 1
254690050 16 0 1 0
254896594 16 0 1 1
254903800 16 0 1 0
255110344 16 0 1 1
255117550 16 0 1 0
255324094 16 0 1 1
255331300 16 0 1 0
255528389 16 0 1 1
255535600 16 0 1 0
255729098 16 0 1 1
255736300 16 0 1 0
255929798 16 0 1 1
255937000 16 0 1 0
256130498 16 0 1 1
256137700 16 0 1 0
256331198 16 0 1 1
256338400 16 0 1 0
256531898 16 0 1 1
256539100 16 0 1 0
256732598 16 0 1 1
256739800 16 0 1 0
256933298 16 0 1 1
256940500 16 0 1 0
257133998 16 0 1 1
257141200 16 0 1 0
257326137 16 0 1 1
257333350 16 0 1 0
257515592 16 0 1 1
257522800 16 0 1 0
257705042 16 0 1 1
257712250 16 0 1 0
257894492 16 0 1 1
257901700 16 0 1 0
258083942 16 0 1 1
258091150 16 0 1 0
258263050 16 0 1 1
258270250 16 0 1 0
258442150 16 0 1 1
258449350 16 0 1 0
258621250 16 0 1 1
258628450 16 0 1 0
258800350 16 0 1 1
258807550 16 0 1 0
258979450 16 0 1 1
258986650 16 0 1 0
259149547 16 0 1 1
259156750 16 0 1 0
259319647 16 0 1 1
259326850 16 0 1 0
259489747 16 0 1 1
259496950 16 0 1 0
259659847 16 0 1 1
259667050 16 0 1 0
259842624 14 0 1 1
259853478 14 0 1 0
278076486 0 1 4 1
278084149 0 1 4 0
278256062 0 1 4 1
278263706 0 1 4 0
278435619 0 1 4 1
278443282 0 1 4 0
278615957 0 1 4 1
278623601 0 1 4 0
278794164 0 1 4 1
278801827 0 1 4 0
278972859 0 1 4 1
278980522 0 1 4 0
279152866 0 1 4 1
279160529 0 1 4 0
279333361 0 1 4 1
279341043 0 1 4 0
279347248 18 0 1 1
279354448 18 0 1 0
279502568 0 1 4 1
279510250 0 1 4 0
279682163 0 1 4 1
279689826 0 1 4 0
279862208 0 1 4 1
279869833 0 1 4 0
280042215 0 1 4 1
280049447 0 1 4 0
280213241 0 1 4 1
280220904 0 1 4 0
280384736 0 1 4 1
280392380 0 1 4 0
280557093 0 1 4 1
280564756 0 1 4 0
280729938 0 1 4 1
280737582 0 1 4 0
280903214 0 1 4 1
280910877 0 1 4 0
281077840 0 1 4 1
281085503 0 1 4 0
281252916 0 1 4 1
281260579 0 1 4 0
281428404 0 1 4 1
281436086 0 1 4 0
281604418 0 1 4 1
281612081 0 1 4 0
281781275 0 1 4 1
281788938 0 1 4 0
281958151 0 1 4 1
281965833 0 1 4 0
282136377 0 1 4 1
282144059 0 1 4 0
282315053 0 1 4 1
282322716 0 1 4 0
282494179 0 1 4 1
282501861 0 1 4 0
282674205 0 1 4 1
282681868 0 1 4 0
282853819 0 1 4 1
282861032 0 1 4 0
283024395 0 1 4 1
283032039 0 1 4 0
283195402 0 1 4 1
283203065 0 1 4 0
283367347 0 1 4 1
283374991 0 1 4 0
283539704 0 1 4 1
283547367 0 1 4 0
283712549 0 1 4 1
283720212 0 1 4 0
283886706 0 1 4 1
283894388 0 1 4 0
284061351 0 1 4 1
284068995 0 1 4 0
284236408 0 1 4 1
284244090 0 1 4 0
284412403 0 1 4 1
284420047 0 1 4 0
284588360 0 1 4 1
284596023 0 1 4 0
284765255 0 1 4 1
284772899 0 1 4 0
284942581 0 1 4 1
284950225 0 1 4 0
285120338 0 1 4 1
285128020 0 1 4 0
285299483 0 1 4 1
285307146 0 1 4 0
285479040 0 1 4 1
285486722 0 1 4 0
285659104 0 1 4 1
285666748 0 1 4 0
285839561 0 1 4 1
285846774 0 1 4 0
286010137 0 1 4 1
286017800 0 1 4 0
286181632 0 1 4 1
286189276 0 1 4 0
286353558 0 1 4 1
286361221 0 1 4 0
286526834 0 1 4 1
286534497 0 1 4 0
286700560 0 1 4 1
286708223 0 1 4 0
286874736 0 1 4 1
286882380 0 1 4 0
287049362 0 1 4 1
287057025 0 1 4 0
287224869 0 1 4 1
287232532 0 1 4 0
287400864 0 1 4 1
287408508 0 1 4 0
287577271 0 1 4 1
287584934 0 1 4 0
287754147 0 1 4 1
287761810 0 1 4 0
287931942 0 1 4 1
287939586 0 1 4 0
288110149 0 1 4 1
288117812 0 1 4 0
288288825 0 1 4 1
288296507 0 1 4 0
288468870 0 1 4 1
288476533 0 1 4 0
288648915 0 1 4 1
288656128 0 1 4 0
288819472 0 1 4 1
288826704 0 1 4 0
288990517 0 1 4 1
288998161 0 1 4 0
289162443 0 1 4 1
289170106 0 1 4 0
289335250 0 1 4 1
289342913 0 1 4 0
289508076 0 1 4 1
289515739 0 1 4 0
289681802 0 1 4 1
289689465 0 1 4 0
289855978 0 1 4 1
289863641 0 1 4 0
290030604 0 1 4 1
290038267 0 1 4 0
290206130 0 1 4 1
290213793 0 1 4 0
290382125 0 1 4 1
290389769 0 1 4 0
290558532 0 1 4 1
290566176 0 1 4 0
290735389 0 1 4 1
290743033 0 1 4 0
290912265 0 1 4 1
290919928 0 1 4 0
291090491 0 1 4 1
291098135 0 1 4 0
291268248 0 1 4 1
291275911 0 1 4 0
291446905 0 1 4 1
291454568 0 1 4 0
291625600 0 1 4 1
291633263 0 1 4 0
291805157 0 1 4 1
291812820 0 1 4 0
291985183 0 1 4 1
291992827 0 1 4 0
292164778 0 1 4 1
292172403 0 1 4 0
292344804 0 1 4 1
292352448 0 1 4 0
292515830 0 1 4 1
292523493 0 1 4 0
292687756 0 1 4 1
292695419 0 1 4 0
292860582 0 1 4 1
292868226 0 1 4 0
293033389 0 1 4 1
293041052 0 1 4 0
293207115 0 1 4 1
293214759 0 1 4 0
293380822 0 1 4 1
293388504 0 1 4 0
293555429 0 1 4 1
293563111 0 1 4 0
293730524 0 1 4 1
293738168 0 1 4 0
293905581 0 1 4 1
293913244 0 1 4 0
294081557 0 1 4 1
294089220 0 1 4 0
294257514 0 1 4 1
294265177 0 1 4 0
295198129 16 0 1 1
295205329 16 0 1 0
295368226 16 0 1 1
295375429 16 0 1 0
295538326 16 0 1 1
295545529 16 0 1 0
295708426 16 0 1 1
295715629 16 0 1 0
295878095 16 0 1 1
295885298 16 0 1 0
296048195 16 0 1 1
296055398 16 0 1 0
296218295 16 0 1 1
296225498 16 0 1 0
296388395 16 0 1 1
296395598 16 0 1 0
296558926 16 0 1 1
296566129 16 0 1 0
296729026 16 0 1 1
296736229 16 0 1 0
296899126 16 0 1 1
296906329 16 0 1 0
297069226 16 0 1 1
297076429 16 0 1 0
297239326 16 0 1 1
297246529 16 0 1 0
297409426 16 0 1 1
297416629 16 0 1 0
297579526 16 0 1 1
297586729 16 0 1 0
297749626 16 0 1 1
297756829 16 0 1 0
297919726 16 0 1 1
297926929 16 0 1 0
298089826 16 0 1 1
298097029 16 0 1 0
298259926 16 0 1 1
298267129 16 0 1 0
298430026 16 0 1 1
298437229 16 0 1 0
298600126 16 0 1 1
298607329 16 0 1 0
298770226 16 0 1 1
298777429 16 0 1 0
298940326 16 0 1 1
298947529 16 0 1 0
299110426 16 0 1 1
299117629 16 0 1 0
299280526 16 0 1 1
299287729 16 0 1 0
299450626 16 0 1 1
299457829 16 0 1 0
299620726 16 0 1 1
299627929 16 0 1 0
305021885 16 0 1 1
305029086 16 0 1 0
305224826 16 0 1 1
305232036 16 0 1 0
305425534 16 0 1 1
305432736 16 0 1 0
305626234 16 0 1 1
305633436 16 0 1 0
305826934 16 0 1 1
305834136 16 0 1 0
306022677 16 0 1 1
306029886 16 0 1 0
306212128 16 0 1 1
306219336 16 0 1 0
306401578 16 0 1 1
306408786 16 0 1 0
306591028 16 0 1 1
306598236 16 0 1 0
306780478 16 0 1 1
306787686 16 0 1 0
306962723 16 0 1 1
306969936 16 0 1 0
307142700 16 0 1 1
307149917 16 0 1 0
307321817 16 0 1 1
307329017 16 0 1 0
307500917 16 0 1 1
307508117 16 0 1 0
307680017 16 0 1 1
307687217 16 0 1 0
307852815 16 0 1 1
307860017 16 0 1 0
308022914 16 0 1 1
308030117 16 0 1 0
308193014 16 0 1 1
308200217 16 0 1 0
308363114 16 0 1 1
308370317 16 0 1 0
308533214 16 0 1 1
308540417 16 0 1 0
308703314 16 0 1 1
308710517 16 0 1 0
308873414 16 0 1 1
308880617 16 0 1 0
309043514 16 0 1 1
309050717 16 0 1 0
309213183 16 0 1 1
309220386 16 0 1 0
309383283 16 0 1 1
309390486 16 0 1 0
309553383 16 0 1 1
309560586 16 0 1 0
309723483 16 0 1 1
309730686 16 0 1 0
309893583 16 0 1 1
309900786 16 0 1 0
310063683 16 0 1 1
310070886 16 0 1 0
310233783 16 0 1 1
310240986 16 0 1 0
310403883 16 0 1 1
310411086 16 0 1 0
310573983 16 0 1 1
310581186 16 0 1 0
310744083 16 0 1 1
310751286 16 0 1 0
310914183 16 0 1 1
310921386 16 0 1 0
311084283 16 0 1 1
311091486 16 0 1 0
311254383 16 0 1 1
311261586 16 0 1 0
311424483 16 0 1 1
311431686 16 0 1 0
311594583 16 0 1 1
311601786 16 0 1 0
311764683 16 0 1 1
311771886 16 0 1 0
311934783 16 0 1 1
311941986 16 0 1 0
312104883 16 0 1 1
312112086 16 0 1 0
312274983 16 0 1 1
312282186 16 0 1 0
312445083 16 0 1 1
312452286 16 0 1 0
312615614 16 0 1 1
312622817 16 0 1 0
312785714 16 0 1 1
312792917 16 0 1 0
312955814 16 0 1 1
312963017 16 0 1 0
313125483 16 0 1 1
313132686 16 0 1 0
313292143 16 0 1 1
313299343 16 0 1 0
313462671 16 0 1 1
313469893 16 0 1 0
313633221 16 0 1 1
313640443 16 0 1 0
313803771 16 0 1 1
313810993 16 0 1 0
313974321 16 0 1 1
313981538 16 0 1 0
314278289 0 1 4 1
314285914 0 1 4 0
314458486 0 1 4 1
314466130 0 1 4 0
314634462 0 1 4 1
314642106 0 1 4 0
314769562 18 0 1 1
314776762 18 0 1 0
314810438 0 1 4 1
314818101 0 1 4 0
314939659 18 0 1 1
314946862 18 0 1 0
314987745 0 1 4 1
314995427 0 1 4 0
315110190 18 0 1 1
315117393 18 0 1 0
315165540 0 1 4 1
315173203 0 1 4 0
315280290 18 0 1 1
315287493 18 0 1 0
315343671 0 1 4 1
315351334 0 1 4 0
315450390 18 0 1 1
315457593 18 0 1 0
315520021 0 1 4 1
315527684 0 1 4 0
315620490 18 0 1 1
315627693 18 0 1 0
315695509 0 1 4 1
315703153 0 1 4 0
315790590 18 0 1 1
315797793 18 0 1 0
315870097 0 1 4 1
315877760 0 1 4 0
315960690 18 0 1 1
315967893 18 0 1 0
316045154 0 1 4 1
316052817 0 1 4 0
316130790 18 0 1 1
316137993 18 0 1 0
316220135 0 1 4 1
316227798 0 1 4 0
316300890 18 0 1 1
316308093 18 0 1 0
316393671 0 1 4 1
316401353 0 1 4 0
316470990 18 0 1 1
316478193 18 0 1 0
316573773 0 1 4 1
316581436 0 1 4 0
316641090 18 0 1 1
316648293 18 0 1 0
316745699 0 1 4 1
316753362 0 1 4 0
316811190 18 0 1 1
316818393 18 0 1 0
316918094 0 1 4 1
316925757 0 1 4 0
316981290 18 0 1 1
316988493 18 0 1 0
317091839 0 1 4 1
317099502 0 1 4 0
317151390 18 0 1 1
317158593 18 0 1 0
317266446 0 1 4 1
317274109 0 1 4 0
317321490 18 0 1 1
317328693 18 0 1 0
317441072 0 1 4 1
317448754 0 1 4 0
317491590 18 0 1 1
317498793 18 0 1 0
317617067 0 1 4 1
317624730 0 1 4 0
317661690 18 0 1 1
317668893 18 0 1 0
317793493 0 1 4 1
317801156 0 1 4 0
317831790 18 0 1 1
317838993 18 0 1 0
317970819 0 1 4 1
317978482 0 1 4 0
318001890 18 0 1 1
318009093 18 0 1 0
318149064 0 1 4 1
318156727 0 1 4 0
318171990 18 0 1 1
318179193 18 0 1 0
318327759 0 1 4 1
318335441 0 1 4 0
318342090 18 0 1 1
318349293 18 0 1 0
318507785 0 1 4 1
318512190 18 0 1 1
318515448 0 1 4 0
318519393 18 0 1 0
318682290 18 0 1 1
318687399 0 1 4 1
318689493 18 0 1 0
318694612 0 1 4 0
318852390 18 0 1 1
318857975 0 1 4 1
318859593 18 0 1 0
318865638 0 1 4 0
319022490 18 0 1 1
319029413 0 1 4 1
319029693 18 0 1 0
319036626 0 1 4 0
319192590 18 0 1 1
319199793 18 0 1 0
319200813 0 1 4 1
319208476 0 1 4 0
319362690 18 0 1 1
319369893 18 0 1 0
319381327 0 1 4 1
319388990 0 1 4 0
319532790 18 0 1 1
319539993 18 0 1 0
319552803 0 1 4 1
319560466 0 1 4 0
319702890 18 0 1 1
319710093 18 0 1 0
319725179 0 1 4 1
319732842 0 1 4 0
319872990 18 0 1 1
319880193 18 0 1 0
319898005 0 1 4 1
319905668 0 1 4 0
320043090 18 0 1 1
320050293 18 0 1 0
320071731 0 1 4 1
320079413 0 1 4 0
320213190 18 0 1 1
320220393 18 0 1 0
320246376 0 1 4 1
320254058 0 1 4 0
320422333 0 1 4 1
320430015 0 1 4 0
320598778 0 1 4 1
320606422 0 1 4 0
320775223 0 1 4 1
320782867 0 1 4 0
320952530 0 1 4 1
320960193 0 1 4 0
321130756 0 1 4 1
321138419 0 1 4 0
321308982 0 1 4 1
321316645 0 1 4 0
321488108 0 1 4 1
321495771 0 1 4 0
321667684 0 1 4 1
321675347 0 1 4 0
321847729 0 1 4 1
321855354 0 1 4 0
322027736 0 1 4 1
322034968 0 1 4 0
322198781 0 1 4 1
322206444 0 1 4 0
322370726 0 1 4 1
322378389 0 1 4 0
322543552 0 1 4 1
322551215 0 1 4 0
322717297 0 1 4 1
322724960 0 1 4 0
322891904 0 1 4 1
322899567 0 1 4 0
323066530 0 1 4 1
323074212 0 1 4 0
323242468 0 1 4 1
323250131 0 1 4 0
323417544 0 1 4 1
323425207 0 1 4 0
323593520 0 1 4 1
323601164 0 1 4 0
323769065 0 1 4 1
323776728 0 1 4 0
323946391 0 1 4 1
323954054 0 1 4 0
324124617 0 1 4 1
324132261 0 1 4 0
324302374 0 1 4 1
324310037 0 1 4 0
324481069 0 1 4 1
324488713 0 1 4 0
324660214 0 1 4 1
324667858 0 1 4 0
324840221 0 1 4 1
324847884 0 1 4 0
325020735 0 1 4 1
325028398 0 1 4 0
325192211 0 1 4 1
325199855 0 1 4 0
325364137 0 1 4 1
325371800 0 1 4 0
325536963 0 1 4 1
325544626 0 1 4 0
325612352 18 0 1 1
325619558 18 0 1 0
325710651 0 1 4 1
325718314 0 1 4 0
325814856 18 0 1 1
325822058 18 0 1 0
325883946 0 1 4 1
325891590 0 1 4 0
326015556 18 0 1 1
326022758 18 0 1 0
326057672 0 1 4 1
326065335 0 1 4 0
326216256 18 0 1 1
326223458 18 0 1 0
326232748 0 1 4 1
326240411 0 1 4 0
326408274 0 1 4 1
326415937 0 1 4 0
326416956 18 0 1 1
326424158 18 0 1 0
326583800 0 1 4 1
326591463 0 1 4 0
326612698 18 0 1 1
326619908 18 0 1 0
326760226 0 1 4 1
326767889 0 1 4 0
326802583 18 0 1 1
326809789 18 0 1 0
326937102 0 1 4 1
326944765 0 1 4 0
326992031 18 0 1 1
326999239 18 0 1 0
327181481 18 0 1 1
327188689 18 0 1 0
327370931 18 0 1 1
327378139 18 0 1 0
327553175 18 0 1 1
327560389 18 0 1 0
327732289 18 0 1 1
327739489 18 0 1 0
327911389 18 0 1 1
327918589 18 0 1 0
328090489 18 0 1 1
328097689 18 0 1 0
328269589 18 0 1 1
328276789 18 0 1 0
328442387 18 0 1 1
328449589 18 0 1 0
328612486 18 0 1 1
328619689 18 0 1 0
328782586 18 0 1 1
328789789 18 0 1 0
328952686 18 0 1 1
328959889 18 0 1 0
329122786 18 0 1 1
329129989 18 0 1 0
329292886 18 0 1 1
329300089 18 0 1 0
329462986 18 0 1 1
329470189 18 0 1 0
329633086 18 0 1 1
329640289 18 0 1 0
332811938 0 1 4 1
332819601 0 1 4 0
332991571 0 1 4 1
332999253 0 1 4 0
333163554 0 1 4 1
333171236 0 1 4 0
333337299 0 1 4 1
333344962 0 1 4 0
333511494 0 1 4 1
333519157 0 1 4 0
333687020 0 1 4 1
333694664 0 1 4 0
333862565 0 1 4 1
333870228 0 1 4 0
334039891 0 1 4 1
334047592 0 1 4 0
334218136 0 1 4 1
334225799 0 1 4 0
334396812 0 1 4 1
334404494 0 1 4 0
334576388 0 1 4 1
334584051 0 1 4 0
334755964 0 1 4 1
334763627 0 1 4 0
334936028 0 1 4 1
334943691 0 1 4 0
335107054 0 1 4 1
335114698 0 1 4 0
335278530 0 1 4 1
335286174 0 1 4 0
335450437 0 1 4 1
335458119 0 1 4 0
335623263 0 1 4 1
335630945 0 1 4 0
335797008 0 1 4 1
335804671 0 1 4 0
335971165 0 1 4 1
335978847 0 1 4 0
336146260 0 1 4 1
336153923 0 1 4 0
336321805 0 1 4 1
336329430 0 1 4 0
336497312 0 1 4 1
336504956 0 1 4 0
336673719 0 1 4 1
336681401 0 1 4 0
336851026 0 1 4 1
336858708 0 1 4 0
337028821 0 1 4 1
337036484 0 1 4 0
337206578 0 1 4 1
337214241 0 1 4 0
337384373 0 1 4 1
337392017 0 1 4 0
337563030 0 1 4 1
337570674 0 1 4 0
337741687 0 1 4 1
337749369 0 1 4 0
337921282 0 1 4 1
337928945 0 1 4 0
338101739 0 1 4 1
338108990 0 1 4 0
338272334 0 1 4 1
338279547 0 1 4 0
338442910 0 1 4 1
338450573 0 1 4 0
338614386 0 1 4 1
338622030 0 1 4 0
338786274 0 1 4 1
338793956 0 1 4 0
338958669 0 1 4 1
338966313 0 1 4 0
339131026 0 1 4 1
339138689 0 1 4 0
339304302 0 1 4 1
339311965 0 1 4 0
339478009 0 1 4 1
339485691 0 1 4 0
339652204 0 1 4 1
339659848 0 1 4 0
339826811 0 1 4 1
339834493 0 1 4 0
340002787 0 1 4 1
340010450 0 1 4 0
340178313 0 1 4 1
340185957 0 1 4 0
340353820 0 1 4 1
340361483 0 1 4 0
340530246 0 1 4 1
340537890 0 1 4 0
340706653 0 1 4 1
340714335 0 1 4 0
340883979 0 1 4 1
340891661 0 1 4 0
341062186 0 1 4 1
341069868 0 1 4 0
341240412 0 1 4 1
341248075 0 1 4 0
341418638 0 1 4 1
341426301 0 1 4 0
341597764 0 1 4 1
341605427 0 1 4 0
341777340 0 1 4 1
341784984 0 1 4 0
341957347 0 1 4 1
341965010 0 1 4 0
342137392 0 1 4 1
342144605 0 1 4 0
342307968 0 1 4 1
342315612 0 1 4 0
342478994 0 1 4 1
342486638 0 1 4 0
342650451 0 1 4 1
342658114 0 1 4 0
342822846 0 1 4 1
342830490 0 1 4 0
342996103 0 1 4 1
343003766 0 1 4 0
343169360 0 1 4 1
343177023 0 1 4 0
343342655 0 1 4 1
343350299 0 1 4 0
343516362 0 1 4 1
343524044 0 1 4 0
343691419 0 1 4 1
343699101 0 1 4 0
343866514 0 1 4 1
343874177 0 1 4 0
344042471 0 1 4 1
344050153 0 1 4 0
344218897 0 1 4 1
344226579 0 1 4 0
344395773 0 1 4 1
344403436 0 1 4 0
344573080 0 1 4 1
344580743 0 1 4 0
344750406 0 1 4 1
344758069 0 1 4 0
344928182 0 1 4 1
344935864 0 1 4 0
345107308 0 1 4 1
345114971 0 1 4 0
345286415 0 1 4 1
345294097 0 1 4 0
345466010 0 1 4 1
345473654 0 1 4 0
345646017 0 1 4 1
345653680 0 1 4 0
345826474 0 1 4 1
345833725 0 1 4 0
345997519 0 1 4 1
346004751 0 1 4 0
346168545 0 1 4 1
346176208 0 1 4 0
346340021 0 1 4 1
346347684 0 1 4 0
346511928 0 1 4 1
346519591 0 1 4 0
346684304 0 1 4 1
346691967 0 1 4 0
346857149 0 1 4 1
346864812 0 1 4 0
347030856 0 1 4 1
347038500 0 1 4 0
347204582 0 1 4 1
347212245 0 1 4 0
347379208 0 1 4 1
347386871 0 1 4 0
347554284 0 1 4 1
347561947 0 1 4 0
347730260 0 1 4 1
347737923 0 1 4 0
347905992 0 1 4 1
347913197 0 1 4 0
348075232 0 1 4 1
348082435 0 1 4 0
348245332 0 1 4 1
348252535 0 1 4 0
348415432 0 1 4 1
348422635 0 1 4 0
348585532 0 1 4 1
348592735 0 1 4 0
348755632 0 1 4 1
348762835 0 1 4 0
349641099 16 0 1 1
349648318 16 0 1 0
349804319 16 0 1 1
349811522 16 0 1 0
349973557 16 0 1 1
349980760 16 0 1 0
350143657 16 0 1 1
350150860 16 0 1 0
350313757 16 0 1 1
350320960 16 0 1 0
350483857 16 0 1 1
350491060 16 0 1 0
350653957 16 0 1 1
350661160 16 0 1 0
350824057 16 0 1 1
350831260 16 0 1 0
350994157 16 0 1 1
351001360 16 0 1 0
351164257 16 0 1 1
351171460 16 0 1 0
351334357 16 0 1 1
351341560 16 0 1 0
351504026 16 0 1 1
351511229 16 0 1 0
351674557 16 0 1 1
351681779 16 0 1 0
351844676 16 0 1 1
351851879 16 0 1 0
352014776 16 0 1 1
352021979 16 0 1 0
352184876 16 0 1 1
352192079 16 0 1 0
352354976 16 0 1 1
352362160 16 0 1 0
352524626 16 0 1 1
352531829 16 0 1 0
352694726 16 0 1 1
352701929 16 0 1 0
352864826 16 0 1 1
352872029 16 0 1 0
353034926 16 0 1 1
353042129 16 0 1 0
353205026 16 0 1 1
353212229 16 0 1 0
353375126 16 0 1 1
353382329 16 0 1 0
353545226 16 0 1 1
353552429 16 0 1 0
353715757 16 0 1 1
353722979 16 0 1 0
353885876 16 0 1 1
353893079 16 0 1 0
354055976 16 0 1 1
354063179 16 0 1 0
354226076 16 0 1 1
354233279 16 0 1 0
354396176 16 0 1 1
354403379 16 0 1 0
354566276 16 0 1 1
354573479 16 0 1 0
354736376 16 0 1 1
354743579 16 0 1 0
354906476 16 0 1 1
354913679 16 0 1 0
355076576 16 0 1 1
355083779 16 0 1 0
355246676 16 0 1 1
355253879 16 0 1 0
355416776 16 0 1 1
355423979 16 0 1 0
355586876 16 0 1 1
355594079 16 0 1 0
355756976 16 0 1 1
355764179 16 0 1 0
355927076 16 0 1 1
355934279 16 0 1 0
356097176 16 0 1 1
356104379 16 0 1 0
356267276 16 0 1 1
356274479 16 0 1 0
356437807 16 0 1 1
356445029 16 0 1 0
356607926 16 0 1 1
356615129 16 0 1 0
356778026 16 0 1 1
356785229 16 0 1 0
356948126 16 0 1 1
356955329 16 0 1 0
357118226 16 0 1 1
357125429 16 0 1 0
357288326 16 0 1 1
357295529 16 0 1 0
357458426 16 0 1 1
357465629 16 0 1 0
357628526 16 0 1 1
357635729 16 0 1 0
357798626 16 0 1 1
357805829 16 0 1 0
357968726 16 0 1 1
357975929 16 0 1 0
358138826 16 0 1 1
358146029 16 0 1 0
358308926 16 0 1 1
358316129 16 0 1 0
358479026 16 0 1 1
358486229 16 0 1 0
358649126 16 0 1 1
358656329 16 0 1 0
364045995 16 0 1 1
364053196 16 0 1 0
364248936 16 0 1 1
364256146 16 0 1 0
365077174 0 1 4 1
365084799 0 1 4 0
365095882 18 0 1 1
365103082 18 0 1 0
365107994 14 0 1 1
365117425 14 0 1 0
365249049 0 1 4 1
365256712 0 1 4 0
365266410 18 0 1 1
365273613 18 0 1 0
365420975 0 1 4 1
365428619 0 1 4 0
365436510 18 0 1 1
365443713 18 0 1 0
365593782 0 1 4 1
365601464 0 1 4 0
365606610 18 0 1 1
365613813 18 0 1 0
365767977 0 1 4 1
365775640 0 1 4 0
365942603 0 1 4 1
365950266 0 1 4 0
366118015 0 1 4 1
366125697 0 1 4 0
366291684 0 1 4 1
366299328 0 1 4 0
366463553 0 1 4 1
366471197 0 1 4 0
366634541 0 1 4 1
366641773 0 1 4 0
366805567 0 1 4 1
366813230 0 1 4 0
366977829 0 1 4 1
366985473 0 1 4 0
367157234 0 1 4 1
367164897 0 1 4 0
367333660 0 1 4 1
367341342 0 1 4 0
367511474 0 1 4 1
367519137 0 1 4 0
367690150 0 1 4 1
367697832 0 1 4 0
367869745 0 1 4 1
367877427 0 1 4 0
368050259 0 1 4 1
368057922 0 1 4 0
368221266 0 1 4 1
368228479 0 1 4 0
368392311 0 1 4 1
368399974 0 1 4 0
368564687 0 1 4 1
368572350 0 1 4 0
368737513 0 1 4 1
368745176 0 1 4 0
368911239 0 1 4 1
368918902 0 1 4 0
369085415 0 1 4 1
369093078 0 1 4 0
369260491 0 1 4 1
369268154 0 1 4 0
369436036 0 1 4 1
369443699 0 1 4 0
369612462 0 1 4 1
369620125 0 1 4 0
369789769 0 1 4 1
369797432 0 1 4 0
369967564 0 1 4 1
369975227 0 1 4 0
370145790 0 1 4 1
370153453 0 1 4 0
370324466 0 1 4 1
370332129 0 1 4 0
370503592 0 1 4 1
370511255 0 1 4 0
370683675 0 1 4 1
370691338 0 1 4 0
370855151 0 1 4 1
370862814 0 1 4 0
371008606 18 0 1 1
371015817 18 0 1 0
371027527 0 1 4 1
371035190 0 1 4 0
371200372 0 1 4 1
371208016 0 1 4 0
371211107 18 0 1 1
371218317 18 0 1 0
371374060 0 1 4 1
371381685 0 1 4 0
371411815 18 0 1 1
371419017 18 0 1 0
371546810 0 1 4 1
371554473 0 1 4 0
371612515 18 0 1 1
371619717 18 0 1 0
371719186 0 1 4 1
371726868 0 1 4 0
371813215 18 0 1 1
371820417 18 0 1 0
371892931 0 1 4 1
371900594 0 1 4 0
372008955 18 0 1 1
372016167 18 0 1 0
372067126 0 1 4 1
372074789 0 1 4 0
372198409 18 0 1 1
372205617 18 0 1 0
372242221 0 1 4 1
372249846 0 1 4 0
372387859 18 0 1 1
372395067 18 0 1 0
372417747 0 1 4 1
372425410 0 1 4 0
372577309 18 0 1 1
372584517 18 0 1 0
372594623 0 1 4 1
372602286 0 1 4 0
372766759 18 0 1 1
372771949 0 1 4 1
372773967 18 0 1 0
372779612 0 1 4 0
372949001 18 0 1 1
372950625 0 1 4 1
372956217 18 0 1 0
372958288 0 1 4 0
373128117 18 0 1 1
373128851 0 1 4 1
373135317 18 0 1 0
373136514 0 1 4 0
373307217 18 0 1 1
373307958 0 1 4 1
373314417 18 0 1 0
373315583 0 1 4 0
373486184 0 1 4 1
373486317 18 0 1 1
373493517 18 0 1 0
373493828 0 1 4 0
373665417 18 0 1 1
373665760 0 1 4 1
373672617 18 0 1 0
373673423 0 1 4 0
373838645 18 0 1 1
373845805 0 1 4 1
373845848 18 0 1 0
373853037 0 1 4 0
374008745 18 0 1 1
374015948 18 0 1 0
374016831 0 1 4 1
374024513 0 1 4 0
374178845 18 0 1 1
374186048 18 0 1 0
374188776 0 1 4 1
374196439 0 1 4 0
374348945 18 0 1 1
374356148 18 0 1 0
374361133 0 1 4 1
374368815 0 1 4 0
374519045 18 0 1 1
374526248 18 0 1 0
374534409 0 1 4 1
374542072 0 1 4 0
374689145 18 0 1 1
374696348 18 0 1 0
374707704 0 1 4 1
374715367 0 1 4 0
374859245 18 0 1 1
374866448 18 0 1 0
374881880 0 1 4 1
374889543 0 1 4 0
375029345 18 0 1 1
375036548 18 0 1 0
375056956 0 1 4 1
375064638 0 1 4 0
375199445 18 0 1 1
375206648 18 0 1 0
375232951 0 1 4 1
375240614 0 1 4 0
375369545 18 0 1 1
375376748 18 0 1 0
375409846 0 1 4 1
375417509 0 1 4 0
375539645 18 0 1 1
375546848 18 0 1 0
375587622 0 1 4 1
375595304 0 1 4 0
375709745 18 0 1 1
375716948 18 0 1 0
375766298 0 1 4 1
375773942 0 1 4 0
375879845 18 0 1 1
375887048 18 0 1 0
375944974 0 1 4 1
375952637 0 1 4 0
376049945 18 0 1 1
376057148 18 0 1 0
376124119 0 1 4 1
376131763 0 1 4 0
376220045 18 0 1 1
376227248 18 0 1 0
376304088 0 1 4 1
376311789 0 1 4 0
376390145 18 0 1 1
376397348 18 0 1 0
376484564 0 1 4 1
376492227 0 1 4 0
376560676 18 0 1 1
376567879 18 0 1 0
376664590 0 1 4 1
376672253 0 1 4 0
376730776 18 0 1 1
376737979 18 0 1 0
376845104 0 1 4 1
376852748 0 1 4 0
376909879 18 0 1 1
376917079 18 0 1 0
377016130 0 1 4 1
377023793 0 1 4 0
377088979 18 0 1 1
377096179 18 0 1 0
377188506 0 1 4 1
377196169 0 1 4 0
377268079 18 0 1 1
377275279 18 0 1 0
377361351 0 1 4 1
377368995 0 1 4 0
377447179 18 0 1 1
377454379 18 0 1 0
377535058 0 1 4 1
377542721 0 1 4 0
377626279 18 0 1 1
377633479 18 0 1 0
377709253 0 1 4 1
377716916 0 1 4 0
377796376 18 0 1 1
377803579 18 0 1 0
377884291 0 1 4 1
377891954 0 1 4 0
377966476 18 0 1 1
377973679 18 0 1 0
378059386 0 1 4 1
378067011 0 1 4 0
378145569 18 0 1 1
378152779 18 0 1 0
378234443 0 1 4 1
378242106 0 1 4 0
378324679 18 0 1 1
378331879 18 0 1 0
378410419 0 1 4 1
378418082 0 1 4 0
378503779 18 0 1 1
378510979 18 0 1 0
378587295 0 1 4 1
378594958 0 1 4 0
378682879 18 0 1 1
378690079 18 0 1 0
378764621 0 1 4 1
378772284 0 1 4 0
378861979 18 0 1 1
378869179 18 0 1 0
378942847 0 1 4 1
378950510 0 1 4 0
379041079 18 0 1 1
379048279 18 0 1 0
379121073 0 1 4 1
379128736 0 1 4 0
379220179 18 0 1 1
379227379 18 0 1 0
379300218 0 1 4 1
379307881 0 1 4 0
379400143 18 0 1 1
379407379 18 0 1 0
379480244 0 1 4 1
379487907 0 1 4 0
379580143 18 0 1 1
379587360 18 0 1 0
379660289 0 1 4 1
379667521 0 1 4 0
379759260 18 0 1 1
379766460 18 0 1 0
379831315 0 1 4 1
379838978 0 1 4 0
379930245 18 0 1 1
379937460 18 0 1 0
380002791 0 1 4 1
380010473 0 1 4 0
380100357 18 0 1 1
380107560 18 0 1 0
380175617 0 1 4 1
380183280 0 1 4 0
380270457 18 0 1 1
380277660 18 0 1 0
380348443 0 1 4 1
380356106 0 1 4 0
380440557 18 0 1 1
380447760 18 0 1 0
380610657 18 0 1 1
380617860 18 0 1 0
380780757 18 0 1 1
380787960 18 0 1 0
380950857 18 0 1 1
380958060 18 0 1 0
381120957 18 0 1 1
381128160 18 0 1 0
381291057 18 0 1 1
381298260 18 0 1 0
381461157 18 0 1 1
381468360 18 0 1 0
381631257 18 0 1 1
381638460 18 0 1 0
381801357 18 0 1 1
381808560 18 0 1 0
381971457 18 0 1 1
381978660 18 0 1 0
382141557 18 0 1 1
382148760 18 0 1 0
382311657 18 0 1 1
382318860 18 0 1 0
382481757 18 0 1 1
382488960 18 0 1 0
382651857 18 0 1 1
382659060 18 0 1 0
382821957 18 0 1 1
382829160 18 0 1 0
382992057 18 0 1 1
382999260 18 0 1 0
383162157 18 0 1 1
383169360 18 0 1 0
383332257 18 0 1 1
383339460 18 0 1 0
383502357 18 0 1 1
383507961 0 1 4 1
383509560 18 0 1 0
383515624 0 1 4 0
383672457 18 0 1 1
383679660 18 0 1 0
383688849 0 1 4 1
383696512 0 1 4 0
383842126 18 0 1 1
383849329 18 0 1 0
383869287 0 1 4 1
383876969 0 1 4 0
384049348 0 1 4 1
384056564 0 1 4 0
384216875 0 1 4 1
384224078 0 1 4 0
384386975 0 1 4 1
384394178 0 1 4 0
384557075 0 1 4 1
384564278 0 1 4 0
384727175 0 1 4 1
384734378 0 1 4 0
384897733 0 1 4 1
384904942 0 1 4 0
385067839 0 1 4 1
385075042 0 1 4 0
385237939 0 1 4 1
385245142 0 1 4 0
385408039 0 1 4 1
385415242 0 1 4 0
385578139 0 1 4 1
385585342 0 1 4 0
385748239 0 1 4 1
385755442 0 1 4 0
385918339 0 1 4 1
385925542 0 1 4 0
386088439 0 1 4 1
386095642 0 1 4 0
386258539 0 1 4 1
386265742 0 1 4 0
386428639 0 1 4 1
386435842 0 1 4 0
386598739 0 1 4 1
386605942 0 1 4 0
386768839 0 1 4 1
386776042 0 1 4 0
386938939 0 1 4 1
386946142 0 1 4 0
387109039 0 1 4 1
387116242 0 1 4 0
387279139 0 1 4 1
387286342 0 1 4 0
387449239 0 1 4 1
387456442 0 1 4 0
387619339 0 1 4 1
387626542 0 1 4 0
387789439 0 1 4 1
387796642 0 1 4 0
387959997 0 1 4 1
387967206 0 1 4 0
388130103 0 1 4 1
388137306 0 1 4 0
388300203 0 1 4 1
388307406 0 1 4 0
388470303 0 1 4 1
388477523 0 1 4 0
388640851 0 1 4 1
388648056 0 1 4 0
388810953 0 1 4 1
388818171 0 1 4 0
388981499 0 1 4 1
388988706 0 1 4 0
389151603 0 1 4 1
389158806 0 1 4 0
389321703 0 1 4 1
389328906 0 1 4 0
389491803 0 1 4 1
389499006 0 1 4 0
389661903 0 1 4 1
389669106 0 1 4 0
389832003 0 1 4 1
389839206 0 1 4 0
390002103 0 1 4 1
390009306 0 1 4 0
390172203 0 1 4 1
390179406 0 1 4 0
390342303 0 1 4 1
390349506 0 1 4 0
390512403 0 1 4 1
390519606 0 1 4 0
390682503 0 1 4 1
390689706 0 1 4 0
390852603 0 1 4 1
390859806 0 1 4 0
391023161 0 1 4 1
391030370 0 1 4 0
391193267 0 1 4 1
391200470 0 1 4 0
391363367 0 1 4 1
391370570 0 1 4 0
391533467 0 1 4 1
391540670 0 1 4 0
391703567 0 1 4 1
391710770 0 1 4 0
391873667 0 1 4 1
391880870 0 1 4 0
392043767 0 1 4 1
392050970 0 1 4 0
392213867 0 1 4 1
392221070 0 1 4 0
392383967 0 1 4 1
392391170 0 1 4 0
392554067 0 1 4 1
392561270 0 1 4 0
392724167 0 1 4 1
392731370 0 1 4 0
392894267 0 1 4 1
392901470 0 1 4 0
393064371 0 1 4 1
393071570 0 1 4 0
393234467 0 1 4 1
393241670 0 1 4 0
393404567 0 1 4 1
393411770 0 1 4 0
393574667 0 1 4 1
393581870 0 1 4 0
393744767 0 1 4 1
393751970 0 1 4 0
393915325 0 1 4 1
393922534 0 1 4 0
394085431 0 1 4 1
394092634 0 1 4 0
394255531 0 1 4 1
394262734 0 1 4 0
394425631 0 1 4 1
394432834 0 1 4 0
394595731 0 1 4 1
394602934 0 1 4 0
394765831 0 1 4 1
394773034 0 1 4 0
394935931 0 1 4 1
394943134 0 1 4 0
395106031 0 1 4 1
395113234 0 1 4 0
395276131 0 1 4 1
395283334 0 1 4 0
395446231 0 1 4 1
395453434 0 1 4 0
395616331 0 1 4 1
395623534 0 1 4 0
395786431 0 1 4 1
395793634 0 1 4 0
395956531 0 1 4 1
395963734 0 1 4 0
396126631 0 1 4 1
396133838 0 1 4 0
396297166 0 1 4 1
396304384 0 1 4 0
396467281 0 1 4 1
396474484 0 1 4 0
396637381 0 1 4 1
396644584 0 1 4 0
396807481 0 1 4 1
396814684 0 1 4 0
396978039 0 1 4 1
396985248 0 1 4 0
397148145 0 1 4 1
397155348 0 1 4 0
397318245 0 1 4 1
397325448 0 1 4 0
397488359 0 1 4 1
397495548 0 1 4 0
397658445 0 1 4 1
397665648 0 1 4 0
397828545 0 1 4 1
397835748 0 1 4 0
397998645 0 1 4 1
398005848 0 1 4 0
398168745 0 1 4 1
398175948 0 1 4 0
398338845 0 1 4 1
398346048 0 1 4 0
398508945 0 1 4 1
398516148 0 1 4 0
398679045 0 1 4 1
398686248 0 1 4 0
398849145 0 1 4 1
398856348 0 1 4 0
399019245 0 1 4 1
399026448 0 1 4 0
399189345 0 1 4 1
399196548 0 1 4 0
399359461 0 1 4 1
399366648 0 1 4 0
399529545 0 1 4 1
399536748 0 1 4 0
400400195 16 0 1 1
400407395 16 0 1 0
400570292 16 0 1 1
400577495 16 0 1 0
400740392 16 0 1 1
400747595 16 0 1 0
400910492 16 0 1 1
400917695 16 0 1 0
401080592 16 0 1 1
401087795 16 0 1 0
401250692 16 0 1 1
401257895 16 0 1 0
401420792 16 0 1 1
401427995 16 0 1 0
401590892 16 0 1 1
401598095 16 0 1 0
401760992 16 0 1 1
401768220 16 0 1 0
401931548 16 0 1 1
401938770 16 0 1 0
402102098 16 0 1 1
402109320 16 0 1 0
402272648 16 0 1 1
402279870 16 0 1 0
402443629 16 0 1 1
402450870 16 0 1 0
407844195 16 0 1 1
407851396 16 0 1 0
408047132 16 0 1 1
408054346 16 0 1 0
408247844 16 0 1 1
408255046 16 0 1 0
408448544 16 0 1 1
408455746 16 0 1 0
408649244 16 0 1 1
408656446 16 0 1 0
408844986 16 0 1 1
408852196 16 0 1 0
409034438 16 0 1 1
409041646 16 0 1 0
409223888 16 0 1 1
409231096 16 0 1 0
409413338 16 0 1 1
409420546 16 0 1 0
409602788 16 0 1 1
409609996 16 0 1 0
409785032 16 0 1 1
409792246 16 0 1 0
409964146 16 0 1 1
409971346 16 0 1 0
410143246 16 0 1 1
410150446 16 0 1 0
410322346 16 0 1 1
410329546 16 0 1 0
410501446 16 0 1 1
410508646 16 0 1 0
410674245 16 0 1 1
410681446 16 0 1 0
410844343 16 0 1 1
410851546 16 0 1 0
411023429 16 0 1 1
411030646 16 0 1 0
411202546 16 0 1 1
411209746 16 0 1 0
411381646 16 0 1 1
411388846 16 0 1 0
411560746 16 0 1 1
411567946 16 0 1 0
411739846 16 0 1 1
411747046 16 0 1 0
411928837 16 0 1 1
411936046 16 0 1 0
412118288 16 0 1 1
412125496 16 0 1 0
412307738 16 0 1 1
412314946 16 0 1 0
412508435 16 0 1 1
412515646 16 0 1 0
412709144 16 0 1 1
412716346 16 0 1 0
412909844 16 0 1 1
412917046 16 0 1 0
413110544 16 0 1 1
413117746 16 0 1 0
413306283 16 0 1 1
413313496 16 0 1 0
413495738 16 0 1 1
413502946 16 0 1 0
413685188 16 0 1 1
413692396 16 0 1 0
413874638 16 0 1 1
413881846 16 0 1 0
414064088 16 0 1 1
414071296 16 0 1 0
414246329 16 0 1 1
414253546 16 0 1 0
414425446 16 0 1 1
414432646 16 0 1 0
414604546 16 0 1 1
414611746 16 0 1 0
414783646 16 0 1 1
414790846 16 0 1 0
414962746 16 0 1 1
414969946 16 0 1 0
419538027 18 0 1 1
419545227 18 0 1 0
419708124 18 0 1 1
419715327 18 0 1 0
419878224 18 0 1 1
419885427 18 0 1 0
420048324 18 0 1 1
420055527 18 0 1 0
420218424 18 0 1 1
420225627 18 0 1 0
420388524 18 0 1 1
420395727 18 0 1 0
420558624 18 0 1 1
420565827 18 0 1 0
425946378 18 0 1 1
425953589 18 0 1 0
426148883 18 0 1 1
426156089 18 0 1 0
426349587 18 0 1 1
426356789 18 0 1 0
426550287 18 0 1 1
426557489 18 0 1 0
426750987 18 0 1 1
426758189 18 0 1 0
426946728 18 0 1 1
426953939 18 0 1 0
427136181 18 0 1 1
427143389 18 0 1 0
427325631 18 0 1 1
427332839 18 0 1 0
427515081 18 0 1 1
427522289 18 0 1 0
427704531 18 0 1 1
427711739 18 0 1 0
427886775 18 0 1 1
427893989 18 0 1 0
428065889 18 0 1 1
428073089 18 0 1 0
428244989 18 0 1 1
428252189 18 0 1 0
428424089 18 0 1 1
428431289 18 0 1 0
428603189 18 0 1 1
428610389 18 0 1 0
428775988 18 0 1 1
428783189 18 0 1 0
428946086 18 0 1 1
428953289 18 0 1 0
429116186 18 0 1 1
429123389 18 0 1 0
429286286 18 0 1 1
429293489 18 0 1 0
429456386 18 0 1 1
429463589 18 0 1 0
429626486 18 0 1 1
429633689 18 0 1 0
429805574 18 0 1 1
429812789 18 0 1 0
429984689 18 0 1 1
429991889 18 0 1 0
430163789 18 0 1 1
430170989 18 0 1 0
430342889 18 0 1 1
430350089 18 0 1 0
430521989 18 0 1 1
430529189 18 0 1 0
430692974 18 0 1 1
430700189 18 0 1 0
430863086 18 0 1 1
430870289 18 0 1 0
431033186 18 0 1 1
431040389 18 0 1 0
431203286 18 0 1 1
431210489 18 0 1 0
431373386 18 0 1 1
431380589 18 0 1 0
431543486 18 0 1 1
431550689 18 0 1 0
431713586 18 0 1 1
431720789 18 0 1 0
431883686 18 0 1 1
431890889 18 0 1 0
432053786 18 0 1 1
432060989 18 0 1 0
432232889 18 0 1 1
432240089 18 0 1 0
432411989 18 0 1 1
432419189 18 0 1 0
432591089 18 0 1 1
432598289 18 0 1 0
432770189 18 0 1 1
432777389 18 0 1 0
432949289 18 0 1 1
432956489 18 0 1 0
433128389 18 0 1 1
433135589 18 0 1 0
433307489 18 0 1 1
433314689 18 0 1 0
433486589 18 0 1 1
433493789 18 0 1 0
433665689 18 0 1 1
433672889 18 0 1 0
433844789 18 0 1 1
433851989 18 0 1 0
434015336 18 0 1 1
434022539 18 0 1 0
434185436 18 0 1 1
434192639 18 0 1 0
435029448 12 0 1 1
435036648 12 0 1 0
435199545 12 0 1 1
435206748 12 0 1 0
435369645 12 0 1 1
435376848 12 0 1 0
435539745 12 0 1 1
435546948 12 0 1 0
435709845 12 0 1 1
435717048 12 0 1 0
435879945 12 0 1 1
435887148 12 0 1 0
436050045 12 0 1 1
436057248 12 0 1 0
436220145 12 0 1 1
436227348 12 0 1 0
436390245 12 0 1 1
436397448 12 0 1 0
436560345 12 0 1 1
436567548 12 0 1 0
436730445 12 0 1 1
436737648 12 0 1 0
436900545 12 0 1 1
436907748 12 0 1 0
437070645 12 0 1 1
437077848 12 0 1 0
437240745 12 0 1 1
437247948 12 0 1 0
437410845 12 0 1 1
437418048 12 0 1 0
437580945 12 0 1 1
437588148 12 0 1 0
437751045 12 0 1 1
437758248 12 0 1 0
437921145 12 0 1 1
437928348 12 0 1 0
438091245 12 0 1 1
438098448 12 0 1 0
438261345 12 0 1 1
438268548 12 0 1 0
438431445 12 0 1 1
438438648 12 0 1 0
438601545 12 0 1 1
438608748 12 0 1 0
438771645 12 0 1 1
438778848 12 0 1 0
438941745 12 0 1 1
438948948 12 0 1 0
439111845 12 0 1 1
439119048 12 0 1 0
439281945 12 0 1 1
439289148 12 0 1 0
439452045 12 0 1 1
439459248 12 0 1 0
439622145 12 0 1 1
439629348 12 0 1 0
439792245 12 0 1 1
439799448 12 0 1 0
439962345 12 0 1 1
439969548 12 0 1 0
440132445 12 0 1 1
440139648 12 0 1 0
440302545 12 0 1 1
440309748 12 0 1 0
440472645 12 0 1 1
440479848 12 0 1 0
440642745 12 0 1 1
440649948 12 0 1 0
446034879 12 0 1 1
446042090 12 0 1 0
446237388 12 0 1 1
446244590 12 0 1 0
446438088 12 0 1 1
446445290 12 0 1 0
446638788 12 0 1 1
446645990 12 0 1 0
446839488 12 0 1 1
446846690 12 0 1 0
447035229 12 0 1 1
447042440 12 0 1 0
447224682 12 0 1 1
447231890 12 0 1 0
447414132 12 0 1 1
447421340 12 0 1 0
447603582 12 0 1 1
447610790 12 0 1 0
447793032 12 0 1 1
447800240 12 0 1 0
447975276 12 0 1 1
447982490 12 0 1 0
448154390 12 0 1 1
448161590 12 0 1 0
448343824 12 0 1 1
448351040 12 0 1 0
448533282 12 0 1 1
448540490 12 0 1 0
448722732 12 0 1 1
448729940 12 0 1 0
448912182 12 0 1 1
448919390 12 0 1 0
449099834 12 0 1 1
449107040 12 0 1 0
449278940 12 0 1 1
449286140 12 0 1 0
449458040 12 0 1 1
449465240 12 0 1 0
449637140 12 0 1 1
449644340 12 0 1 0
449816240 12 0 1 1
449823440 12 0 1 0
450005682 12 0 1 1
450012890 12 0 1 0
450195132 12 0 1 1
450202340 12 0 1 0
450384582 12 0 1 1
450391790 12 0 1 0
450574032 12 0 1 1
450581240 12 0 1 0
450763482 12 0 1 1
450770690 12 0 1 0
450952932 12 0 1 1
450960140 12 0 1 0
451142382 12 0 1 1
451149590 12 0 1 0
451331832 12 0 1 1
451339040 12 0 1 0
451521282 12 0 1 1
451528490 12 0 1 0
451705787 12 0 1 1
451712990 12 0 1 0
451884890 12 0 1 1
451892090 12 0 1 0
452063990 12 0 1 1
452071190 12 0 1 0
452243090 12 0 1 1
452250290 12 0 1 0
452422190 12 0 1 1
452429390 12 0 1 0
452597240 12 0 1 1
452604440 12 0 1 0
452767337 12 0 1 1
452774540 12 0 1 0
452937437 12 0 1 1
452944640 12 0 1 0
453107537 12 0 1 1
453114740 12 0 1 0
453277637 12 0 1 1
453284840 12 0 1 0
453447737 12 0 1 1
453454940 12 0 1 0
453617837 12 0 1 1
453625040 12 0 1 0
453787937 12 0 1 1
453795140 12 0 1 0
453958037 12 0 1 1
453965240 12 0 1 0
470331561 18 0 1 1
470338761 18 0 1 0
475732082 18 0 1 1
475739282 18 0 1 0
475935032 18 0 1 1
475942232 18 0 1 0
476136182 18 0 1 1
476143382 18 0 1 0
476337332 18 0 1 1
476344532 18 0 1 0
476538482 18 0 1 1
476545682 18 0 1 0
476734232 18 0 1 1
476741432 18 0 1 0
476923682 18 0 1 1
476930882 18 0 1 0
477113132 18 0 1 1
477120332 18 0 1 0
477302582 18 0 1 1
477309782 18 0 1 0
477492032 18 0 1 1
477499232 18 0 1 0
477674282 18 0 1 1
477681482 18 0 1 0
477853832 18 0 1 1
477861032 18 0 1 0
478033382 18 0 1 1
478040582 18 0 1 0
478212932 18 0 1 1
478220132 18 0 1 0
478392482 18 0 1 1
478399682 18 0 1 0
478565282 18 0 1 1
478572482 18 0 1 0
478735810 18 0 1 1
478743032 18 0 1 0
478906360 18 0 1 1
478913582 18 0 1 0
479076910 18 0 1 1
479084132 18 0 1 0
479247460 18 0 1 1
479254682 18 0 1 0
479426582 18 0 1 1
479433782 18 0 1 0
479606132 18 0 1 1
479613332 18 0 1 0
479785682 18 0 1 1
479792882 18 0 1 0
479965232 18 0 1 1
479972432 18 0 1 0
480144782 18 0 1 1
480151982 18 0 1 0
480324332 18 0 1 1
480331532 18 0 1 0
480503882 18 0 1 1
480511082 18 0 1 0
480683432 18 0 1 1
480690632 18 0 1 0
480862982 18 0 1 1
480870182 18 0 1 0
481042532 18 0 1 1
481049732 18 0 1 0
481213511 18 0 1 1
481220732 18 0 1 0
481384060 18 0 1 1
481391282 18 0 1 0
481554610 18 0 1 1
481561832 18 0 1 0
481725160 18 0 1 1
481732382 18 0 1 0
481895710 18 0 1 1
481902932 18 0 1 0
482066260 18 0 1 1
482073482 18 0 1 0
482236810 18 0 1 1
482244032 18 0 1 0
482407360 18 0 1 1
482414582 18 0 1 0
482577910 18 0 1 1
482585132 18 0 1 0
482748460 18 0 1 1
482755682 18 0 1 0
482919010 18 0 1 1
482926232 18 0 1 0
483089560 18 0 1 1
483096782 18 0 1 0
483260110 18 0 1 1
483267332 18 0 1 0
483430660 18 0 1 1
483437882 18 0 1 0
483601210 18 0 1 1
483608432 18 0 1 0
483771760 18 0 1 1
483778982 18 0 1 0
483942310 18 0 1 1
483949532 18 0 1 0
484112860 18 0 1 1
484120082 18 0 1 0
489431982 12 0 1 1
489439182 12 0 1 0
489602079 12 0 1 1
489609282 12 0 1 0
489772179 12 0 1 1
489779382 12 0 1 0
489942279 12 0 1 1
489949482 12 0 1 0
490112379 12 0 1 1
490119582 12 0 1 0
490282479 12 0 1 1
490289682 12 0 1 0
490452579 12 0 1 1
490459782 12 0 1 0
490622679 12 0 1 1
490629882 12 0 1 0
490792779 12 0 1 1
490799982 12 0 1 0
490962879 12 0 1 1
490970082 12 0 1 0
491132979 12 0 1 1
491140182 12 0 1 0
491303079 12 0 1 1
491310282 12 0 1 0
491473179 12 0 1 1
491480382 12 0 1 0
491643279 12 0 1 1
491650482 12 0 1 0
491813379 12 0 1 1
491820582 12 0 1 0
491983479 12 0 1 1
491990682 12 0 1 0
492153579 12 0 1 1
492160782 12 0 1 0
492323679 12 0 1 1
492330882 12 0 1 0
492493779 12 0 1 1
492500982 12 0 1 0
492663879 12 0 1 1
492671082 12 0 1 0
492833979 12 0 1 1
492841182 12 0 1 0
493004079 12 0 1 1
493011282 12 0 1 0
493174179 12 0 1 1
493181382 12 0 1 0
493344279 12 0 1 1
493351482 12 0 1 0
493514379 12 0 1 1
493521582 12 0 1 0
493684479 12 0 1 1
493691682 12 0 1 0
493854579 12 0 1 1
493861782 12 0 1 0
494740308 12 0 1 1
494747508 12 0 1 0
500139942 12 0 1 1
500147142 12 0 1 0
500342882 12 0 1 1
500350092 12 0 1 0
500543590 12 0 1 1
500550792 12 0 1 0
500744290 12 0 1 1
500751492 12 0 1 0
500944990 12 0 1 1
500952192 12 0 1 0
501140733 12 0 1 1
501147942 12 0 1 0
501330184 12 0 1 1
501337392 12 0 1 0
501519634 12 0 1 1
501526842 12 0 1 0
501709084 12 0 1 1
501716292 12 0 1 0
501898534 12 0 1 1
501905742 12 0 1 0
502080779 12 0 1 1
502087992 12 0 1 0
502259892 12 0 1 1
502267092 12 0 1 0
502438992 12 0 1 1
502446192 12 0 1 0
502618092 12 0 1 1
502625292 12 0 1 0
502797192 12 0 1 1
502804392 12 0 1 0
502969992 12 0 1 1
502977192 12 0 1 0
503140089 12 0 1 1
503147292 12 0 1 0
503310189 12 0 1 1
503317392 12 0 1 0
503480289 12 0 1 1
503487492 12 0 1 0
503650389 12 0 1 1
503657592 12 0 1 0
503820489 12 0 1 1
503827692 12 0 1 0
503990589 12 0 1 1
503997792 12 0 1 0
504160689 12 0 1 1
504167892 12 0 1 0
504330789 12 0 1 1
504337992 12 0 1 0
504500889 12 0 1 1
504508092 12 0 1 0
504670989 12 0 1 1
504678192 12 0 1 0
504841089 12 0 1 1
504848292 12 0 1 0
540275613 12 0 1 1
540282813 12 0 1 0
540445710 12 0 1 1
540452913 12 0 1 0
540615810 12 0 1 1
540623013 12 0 1 0
540785910 12 0 1 1
540793113 12 0 1 0
540956010 12 0 1 1
540963213 12 0 1 0
541126110 12 0 1 1
541133313 12 0 1 0
541296210 12 0 1 1
541303413 12 0 1 0
541466310 12 0 1 1
541473513 12 0 1 0
541636410 12 0 1 1
541643613 12 0 1 0
541806510 12 0 1 1
541813713 12 0 1 0
541976610 12 0 1 1
541983813 12 0 1 0
542146710 12 0 1 1
542153913 12 0 1 0
542316810 12 0 1 1
542324013 12 0 1 0
542486910 12 0 1 1
542494113 12 0 1 0
542657010 12 0 1 1
542664213 12 0 1 0
542827110 12 0 1 1
542834313 12 0 1 0
542997210 12 0 1 1
543004413 12 0 1 0
543167310 12 0 1 1
543174513 12 0 1 0
543337410 12 0 1 1
543344613 12 0 1 0
543507510 12 0 1 1
543514713 12 0 1 0
543677610 12 0 1 1
543684813 12 0 1 0
543847710 12 0 1 1
543854913 12 0 1 0
544017810 12 0 1 1
544025013 12 0 1 0
544187910 12 0 1 1
544195113 12 0 1 0
544358010 12 0 1 1
544365213 12 0 1 0
549753572 12 0 1 1
549760778 12 0 1 0
549956076 12 0 1 1
549963278 12 0 1 0
550156776 12 0 1 1
550163978 12 0 1 0
550357476 12 0 1 1
550364678 12 0 1 0
550558176 12 0 1 1
550565378 12 0 1 0
550753918 12 0 1 1
550761128 12 0 1 0
550943370 12 0 1 1
550950578 12 0 1 0
551132820 12 0 1 1
551140028 12 0 1 0
551322270 12 0 1 1
551329478 12 0 1 0
551511720 12 0 1 1
551518928 12 0 1 0
551693965 12 0 1 1
551701178 12 0 1 0
551873078 12 0 1 1
551880278 12 0 1 0
552052178 12 0 1 1
552059378 12 0 1 0
552231278 12 0 1 1
552238478 12 0 1 0
552410378 12 0 1 1
552417578 12 0 1 0
552583177 12 0 1 1
552590378 12 0 1 0
552762278 12 0 1 1
552769478 12 0 1 0
552941378 12 0 1 1
552948578 12 0 1 0
553120478 12 0 1 1
553127678 12 0 1 0
553299578 12 0 1 1
553306778 12 0 1 0
553478678 12 0 1 1
553485878 12 0 1 0
564630717 14 0 1 1
564637917 14 0 1 0
564800814 14 0 1 1
564808017 14 0 1 0
564970914 14 0 1 1
564978117 14 0 1 0
565141014 14 0 1 1
565148217 14 0 1 0
565311114 14 0 1 1
565318317 14 0 1 0
565481214 14 0 1 1
565488417 14 0 1 0
565651314 14 0 1 1
565658517 14 0 1 0
565821414 14 0 1 1
565828617 14 0 1 0
565991514 14 0 1 1
565998717 14 0 1 0
566161614 14 0 1 1
566168817 14 0 1 0
566331714 14 0 1 1
566338917 14 0 1 0
566501814 14 0 1 1
566509017 14 0 1 0
566671914 14 0 1 1
566679117 14 0 1 0
566842014 14 0 1 1
566849217 14 0 1 0
567012114 14 0 1 1
567019317 14 0 1 0
567182214 14 0 1 1
567189417 14 0 1 0
567352314 14 0 1 1
567359517 14 0 1 0
567522414 14 0 1 1
567529617 14 0 1 0
567692514 14 0 1 1
567699717 14 0 1 0
567862614 14 0 1 1
567869817 14 0 1 0
568032714 14 0 1 1
568039917 14 0 1 0
568202814 14 0 1 1
568210017 14 0 1 0
568372914 14 0 1 1
568380117 14 0 1 0
568543014 14 0 1 1
568550217 14 0 1 0
568713114 14 0 1 1
568720317 14 0 1 0
568883214 14 0 1 1
568890417 14 0 1 0
569053314 14 0 1 1
569060517 14 0 1 0
569223414 14 0 1 1
569230617 14 0 1 0
569393514 14 0 1 1
569400717 14 0 1 0
569563614 14 0 1 1
569570817 14 0 1 0
569733714 14 0 1 1
569740917 14 0 1 0
569903814 14 0 1 1
569911017 14 0 1 0
570073914 14 0 1 1
570081117 14 0 1 0
570244014 14 0 1 1
570251217 14 0 1 0
570414114 14 0 1 1
570421317 14 0 1 0
570584214 14 0 1 1
570591417 14 0 1 0
570754314 14 0 1 1
570761517 14 0 1 0
570924414 14 0 1 1
570931617 14 0 1 0
571094514 14 0 1 1
571101717 14 0 1 0
571264614 14 0 1 1
571271817 14 0 1 0
571434714 14 0 1 1
571441917 14 0 1 0
571604814 14 0 1 1
571612017 14 0 1 0
571774914 14 0 1 1
571782117 14 0 1 0
571945014 14 0 1 1
571952217 14 0 1 0
572115114 14 0 1 1
572122317 14 0 1 0
572285214 14 0 1 1
572292417 14 0 1 0
572455314 14 0 1 1
572462517 14 0 1 0
572625414 14 0 1 1
572632617 14 0 1 0
572795514 14 0 1 1
572802717 14 0 1 0
572965614 14 0 1 1
572972817 14 0 1 0
573135714 14 0 1 1
573142917 14 0 1 0
573305814 14 0 1 1
573313017 14 0 1 0
573475914 14 0 1 1
573483117 14 0 1 0
573646014 14 0 1 1
573653217 14 0 1 0
573816114 14 0 1 1
573823317 14 0 1 0
573986214 14 0 1 1
573993417 14 0 1 0
574156314 14 0 1 1
574163517 14 0 1 0
610190957 14 0 1 1
610198157 14 0 1 0
610361054 14 0 1 1
610368257 14 0 1 0
610531154 14 0 1 1
610538357 14 0 1 0
610701254 14 0 1 1
610708457 14 0 1 0
610871354 14 0 1 1
610878557 14 0 1 0
611041454 14 0 1 1
611048657 14 0 1 0
611211554 14 0 1 1
611218757 14 0 1 0
611381654 14 0 1 1
611388857 14 0 1 0
611551754 14 0 1 1
611558957 14 0 1 0
611721854 14 0 1 1
611729057 14 0 1 0
611891954 14 0 1 1
611899157 14 0 1 0
612062054 14 0 1 1
612069257 14 0 1 0
612232154 14 0 1 1
612239357 14 0 1 0
612402254 14 0 1 1
612409457 14 0 1 0
612572354 14 0 1 1
612579557 14 0 1 0
612742454 14 0 1 1
612749657 14 0 1 0
612912554 14 0 1 1
612919757 14 0 1 0
613082654 14 0 1 1
613089857 14 0 1 0
613252754 14 0 1 1
613259957 14 0 1 0
613422854 14 0 1 1
613430057 14 0 1 0
613592954 14 0 1 1
613600157 14 0 1 0
613763054 14 0 1 1
613770257 14 0 1 0
613933154 14 0 1 1
613940357 14 0 1 0
614103254 14 0 1 1
614110457 14 0 1 0
614273354 14 0 1 1
614280557 14 0 1 0
614443454 14 0 1 1
614450657 14 0 1 0
614613554 14 0 1 1
614620757 14 0 1 0
614783654 14 0 1 1
614790857 14 0 1 0
614953754 14 0 1 1
614960957 14 0 1 0
615123854 14 0 1 1
615131057 14 0 1 0
615293954 14 0 1 1
615301157 14 0 1 0
615464054 14 0 1 1
615471257 14 0 1 0
615634154 14 0 1 1
615641357 14 0 1 0
615804254 14 0 1 1
615811457 14 0 1 0
615974354 14 0 1 1
615981557 14 0 1 0
616144454 14 0 1 1
616151657 14 0 1 0
616314554 14 0 1 1
616321757 14 0 1 0
616484654 14 0 1 1
616491857 14 0 1 0
616654754 14 0 1 1
616661957 14 0 1 0
616824854 14 0 1 1
616832057 14 0 1 0
616994954 14 0 1 1
617002157 14 0 1 0
617165054 14 0 1 1
617172257 14 0 1 0
617335154 14 0 1 1
617342357 14 0 1 0
617505254 14 0 1 1
617512457 14 0 1 0
617675354 14 0 1 1
617682557 14 0 1 0
617845454 14 0 1 1
617852657 14 0 1 0
618015554 14 0 1 1
618022757 14 0 1 0
618185654 14 0 1 1
618192857 14 0 1 0
618355754 14 0 1 1
618362957 14 0 1 0
618525854 14 0 1 1
618533057 14 0 1 0
618695954 14 0 1 1
618703157 14 0 1 0
618866054 14 0 1 1
618873257 14 0 1 0
619036154 14 0 1 1
619043357 14 0 1 0
619206254 14 0 1 1
619213457 14 0 1 0
619376354 14 0 1 1
619383557 14 0 1 0
619546454 14 0 1 1
619553657 14 0 1 0
619716554 14 0 1 1
619723757 14 0 1 0
619886654 14 0 1 1
619893857 14 0 1 0
620056754 14 0 1 1
620063957 14 0 1 0
620226854 14 0 1 1
620234057 14 0 1 0
