40123508 6 1 2 1
40131283 6 1 2 0
80804808 16 0 1 1
80811856 16 0 1 0
81111380 16 0 1 1
81118431 16 0 1 0
81417955 16 0 1 1
81425006 16 0 1 0
81723237 16 0 1 1
81730307 16 0 1 0
88831568 16 0 1 1
88838619 16 0 1 0
89211377 16 0 1 1
89218431 16 0 1 0
89550171 16 0 1 1
89557229 16 0 1 0
89888537 16 0 1 1
89895444 16 0 1 0
90359298 16 0 1 1
90366367 16 0 1 0
90858344 16 0 1 1
90865400 16 0 1 0
105086891 12 0 1 1
105094015 12 0 1 0
105279324 12 0 1 1
105286432 12 0 1 0
105473896 12 0 1 1
105479223 12 0 1 0
110955577 12 0 1 1
110962707 12 0 1 0
111190491 12 0 1 1
111197646 12 0 1 0
111443769 12 0 1 1
111450921 12 0 1 0
111696615 12 0 1 1
111703746 12 0 1 0
111949440 12 0 1 1
111956552 12 0 1 0
112200941 12 0 1 1
112208065 12 0 1 0
112455499 12 0 1 1
112462652 12 0 1 0
112707041 12 0 1 1
112714146 12 0 1 0
112959861 12 0 1 1
112966990 12 0 1 0
113291860 12 0 1 1
113299028 12 0 1 0
113621708 12 0 1 1
113628873 12 0 1 0
113935927 12 0 1 1
113943063 12 0 1 0
114236666 12 0 1 1
114243829 12 0 1 0
114568699 12 0 1 1
114575848 12 0 1 0
114898966 12 0 1 1
114906124 12 0 1 0
115215870 12 0 1 1
115223014 12 0 1 0
115515693 12 0 1 1
115522880 12 0 1 0
115816433 12 0 1 1
115823608 12 0 1 0
116107770 12 0 1 1
116114924 12 0 1 0
116407603 12 0 1 1
116414771 12 0 1 0
116709222 12 0 1 1
116716399 12 0 1 0
117048400 12 0 1 1
117055561 12 0 1 0
117413205 12 0 1 1
117420373 12 0 1 0
117781090 12 0 1 1
117788221 12 0 1 0
118122517 12 0 1 1
118129690 12 0 1 0
118453684 12 0 1 1
118460847 12 0 1 0
118822517 12 0 1 1
118829671 12 0 1 0
119237395 12 0 1 1
119244560 12 0 1 0
119663936 12 0 1 1
119671054 12 0 1 0
120223810 12 0 1 1
120230945 12 0 1 0
120901446 12 0 1 1
120908578 12 0 1 0
121432389 12 0 1 1
121439523 12 0 1 0
121906812 12 0 1 1
121913958 12 0 1 0
122302869 12 0 1 1
122310023 12 0 1 0
122719123 12 0 1 1
122726281 12 0 1 0
131876455 16 0 1 1
131883503 16 0 1 0
139200492 16 0 1 1
139207526 16 0 1 0
139580721 16 0 1 1
139587769 16 0 1 0
139960098 16 0 1 1
139967150 16 0 1 0
140339479 16 0 1 1
140346531 16 0 1 0
140719293 16 0 1 1
140726343 16 0 1 0
141089821 16 0 1 1
141096876 16 0 1 0
141429048 16 0 1 1
141436105 16 0 1 0
141771817 16 0 1 1
141778896 16 0 1 0
142152091 16 0 1 1
142159139 16 0 1 0
142531902 16 0 1 1
142538951 16 0 1 0
142972148 16 0 1 1
142979197 16 0 1 0
143713683 16 0 1 1
143720732 16 0 1 0
144658151 16 0 1 1
144665201 16 0 1 0
145157540 16 0 1 1
145164588 16 0 1 0
145626021 16 0 1 1
145633083 16 0 1 0
146005412 16 0 1 1
146012464 16 0 1 0
146436850 16 0 1 1
146443900 16 0 1 0
146869588 16 0 1 1
146876648 16 0 1 0
147301034 16 0 1 1
147308084 16 0 1 0
147733772 16 0 1 1
147740832 16 0 1 0
148164350 16 0 1 1
148171406 16 0 1 0
148597094 16 0 1 1
148604135 16 0 1 0
149028087 16 0 1 1
149035140 16 0 1 0
149415838 16 0 1 1
149422900 16 0 1 0
149794363 16 0 1 1
149801419 16 0 1 0
150155210 16 0 1 1
150162261 16 0 1 0
150493580 16 0 1 1
150500609 16 0 1 0
150832349 16 0 1 1
150839407 16 0 1 0
151171579 16 0 1 1
151178636 16 0 1 0
151510376 16 0 1 1
151517434 16 0 1 0
151849606 16 0 1 1
151856663 16 0 1 0
152188403 16 0 1 1
152195461 16 0 1 0
152526769 16 0 1 1
152533828 16 0 1 0
152906590 16 0 1 1
152913640 16 0 1 0
153413959 16 0 1 1
153421052 16 0 1 0
153885232 16 0 1 1
153892292 16 0 1 0
154402708 16 0 1 1
154409738 16 0 1 0
154981297 16 0 1 1
154988346 16 0 1 0
155667538 16 0 1 1
155674607 16 0 1 0
156228255 16 0 1 1
156235303 16 0 1 0
160138033 12 0 1 1
160145161 12 0 1 0
165628166 12 0 1 1
165635273 12 0 1 0
165863057 12 0 1 1
165870250 12 0 1 0
166099770 12 0 1 1
166106932 12 0 1 0
166352626 12 0 1 1
166359738 12 0 1 0
166608042 12 0 1 1
166615187 12 0 1 0
166860881 12 0 1 1
166867993 12 0 1 0
167113252 12 0 1 1
167120368 12 0 1 0
167365627 12 0 1 1
167372743 12 0 1 0
167618437 12 0 1 1
167625568 12 0 1 0
167871262 12 0 1 1
167878393 12 0 1 0
168107975 12 0 1 1
168115151 12 0 1 0
168344671 12 0 1 1
168351852 12 0 1 0
168582674 12 0 1 1
168589865 12 0 1 0
168835559 12 0 1 1
168842671 12 0 1 0
169090105 12 0 1 1
169097220 12 0 1 0
169365699 12 0 1 1
169372881 12 0 1 0
169641797 12 0 1 1
169648973 12 0 1 0
169916145 12 0 1 1
169923284 12 0 1 0
170171758 12 0 1 1
170178866 12 0 1 0
170424995 12 0 1 1
170432122 12 0 1 0
170678251 12 0 1 1
170685378 12 0 1 0
170928406 12 0 1 1
170935522 12 0 1 0
171163306 12 0 1 1
171170480 12 0 1 0
171400000 12 0 1 1
171407162 12 0 1 0
171637116 12 0 1 1
171644294 12 0 1 0
171868890 12 0 1 1
171876064 12 0 1 0
172106029 12 0 1 1
172113215 12 0 1 0
172406331 12 0 1 1
172413493 12 0 1 0
172708794 12 0 1 1
172715945 12 0 1 0
173008602 12 0 1 1
173015773 12 0 1 0
173261902 12 0 1 1
173268991 12 0 1 0
173515990 12 0 1 1
173523109 12 0 1 0
173813151 12 0 1 1
173820313 12 0 1 0
175980527 12 0 1 1
175987692 12 0 1 0
176372139 12 0 1 1
176379276 12 0 1 0
176736042 12 0 1 1
176743207 12 0 1 0
194084899 16 0 1 1
194091947 16 0 1 0
194373369 16 0 1 1
194380458 16 0 1 0
194659294 16 0 1 1
194666364 16 0 1 0
201303166 16 0 1 1
201310246 16 0 1 0
201634945 16 0 1 1
201642046 16 0 1 0
201965879 16 0 1 1
201972965 16 0 1 0
202295499 16 0 1 1
202302599 16 0 1 0
202656677 16 0 1 1
202663749 16 0 1 0
203020431 16 0 1 1
203027493 16 0 1 0
203428482 16 0 1 1
203435553 16 0 1 0
203840519 16 0 1 1
203847568 16 0 1 0
204304836 16 0 1 1
204311904 16 0 1 0
204755030 16 0 1 1
204762106 16 0 1 0
205109674 16 0 1 1
205116761 16 0 1 0
205472239 16 0 1 1
205479269 16 0 1 0
205872428 16 0 1 1
205879514 16 0 1 0
206276588 16 0 1 1
206283695 16 0 1 0
206686545 16 0 1 1
206693650 16 0 1 0
223589158 12 0 1 1
223596320 12 0 1 0
223779905 12 0 1 1
223786975 12 0 1 0
223971853 12 0 1 1
223978980 12 0 1 0
224164289 12 0 1 1
224171435 12 0 1 0
224355451 12 0 1 1
224362540 12 0 1 0
224546556 12 0 1 1
224553664 12 0 1 0
224738542 12 0 1 1
224745669 12 0 1 0
224930116 12 0 1 1
224937205 12 0 1 0
225121221 12 0 1 1
225128329 12 0 1 0
225313207 12 0 1 1
225320315 12 0 1 0
225505624 12 0 1 1
225512751 12 0 1 0
225696767 12 0 1 1
225703856 12 0 1 0
225887441 12 0 1 1
225894549 12 0 1 0
226078996 12 0 1 1
226086104 12 0 1 0
226270551 12 0 1 1
226277678 12 0 1 0
226462125 12 0 1 1
226469252 12 0 1 0
226653699 12 0 1 1
226660807 12 0 1 0
226845254 12 0 1 1
226852362 12 0 1 0
227036378 12 0 1 1
227043486 12 0 1 0
227227502 12 0 1 1
227234591 12 0 1 0
227418607 12 0 1 1
227425715 12 0 1 0
227610162 12 0 1 1
227617251 12 0 1 0
227800836 12 0 1 1
227807944 12 0 1 0
227992391 12 0 1 1
227999518 12 0 1 0
228183534 12 0 1 1
228190604 12 0 1 0
228374620 12 0 1 1
228381747 12 0 1 0
228565763 12 0 1 1
228572871 12 0 1 0
228757318 12 0 1 1
228764426 12 0 1 0
228948011 12 0 1 1
228955119 12 0 1 0
229139566 12 0 1 1
229146655 12 0 1 0
229330671 12 0 1 1
229337760 12 0 1 0
230218592 14 0 1 1
230225640 14 0 1 0
230476892 14 0 1 1
230484000 14 0 1 0
230734390 14 0 1 1
230741517 14 0 1 0
230991907 14 0 1 1
230999015 14 0 1 0
237073572 14 0 1 1
237080651 14 0 1 0
237450755 14 0 1 1
237457825 14 0 1 0
237825319 14 0 1 1
237832375 14 0 1 0
238202479 14 0 1 1
238209587 14 0 1 0
238582736 14 0 1 1
238589854 14 0 1 0
238952384 14 0 1 1
238959473 14 0 1 0
239292719 14 0 1 1
239299753 14 0 1 0
239632565 14 0 1 1
239639678 14 0 1 0
239950827 14 0 1 1
239957933 14 0 1 0
240330212 14 0 1 1
240337300 14 0 1 0
240704794 14 0 1 1
240711831 14 0 1 0
241059712 14 0 1 1
241066809 14 0 1 0
241394413 14 0 1 1
241401448 14 0 1 0
241735128 14 0 1 1
241742159 14 0 1 0
243034739 14 0 1 1
243041815 14 0 1 0
243293067 14 0 1 1
243294382 14 0 1 0
249151272 14 0 1 1
249158369 14 0 1 0
249497691 14 0 1 1
249504759 14 0 1 0
249814926 14 0 1 1
249822019 14 0 1 0
250123769 14 0 1 1
250130862 14 0 1 0
250425684 14 0 1 1
250432638 14 0 1 0
250730491 14 0 1 1
250737621 14 0 1 0
251041969 14 0 1 1
251049088 14 0 1 0
251351271 14 0 1 1
251358343 14 0 1 0
251660093 14 0 1 1
251667148 14 0 1 0
251968465 14 0 1 1
251975579 14 0 1 0
252273763 14 0 1 1
252280860 14 0 1 0
252563352 14 0 1 1
252570467 14 0 1 0
252843023 14 0 1 1
252850104 14 0 1 0
253126980 14 0 1 1
253134146 14 0 1 0
253414478 14 0 1 1
253421579 14 0 1 0
253693703 14 0 1 1
253700804 14 0 1 0
253977680 14 0 1 1
253984770 14 0 1 0
254261214 14 0 1 1
254268343 14 0 1 0
254546176 14 0 1 1
254553247 14 0 1 0
254855430 14 0 1 1
254862521 14 0 1 0
255165137 14 0 1 1
255172207 14 0 1 0
255520297 14 0 1 1
255527445 14 0 1 0
256030758 14 0 1 1
256037903 14 0 1 0
256502693 14 0 1 1
256509819 14 0 1 0
256886445 14 0 1 1
256893477 14 0 1 0
257328509 14 0 1 1
257335661 14 0 1 0
257765461 14 0 1 1
257772502 14 0 1 0
257942940 16 0 1 1
257950508 16 0 1 0
258154024 14 0 1 1
258161015 14 0 1 0
258593431 14 0 1 1
258600594 14 0 1 0
258811685 16 0 1 1
258819348 16 0 1 0
259043038 14 0 1 1
259050219 14 0 1 0
259480019 14 0 1 1
259487174 14 0 1 0
259601064 16 0 1 1
259608657 16 0 1 0
259926186 14 0 1 1
259933275 14 0 1 0
260449698 14 0 1 1
260456853 14 0 1 0
260464836 16 0 1 1
260472046 16 0 1 0
261044508 14 0 1 1
261051595 14 0 1 0
261470215 16 0 1 1
261477366 16 0 1 0
261669221 14 0 1 1
261676310 14 0 1 0
262797756 16 0 1 1
262801842 14 0 1 1
262805006 16 0 1 0
262808935 14 0 1 0
263416753 14 0 1 1
263423883 14 0 1 0
263737442 16 0 1 1
263744978 16 0 1 0
263934315 14 0 1 1
263941408 14 0 1 0
264439707 14 0 1 1
264446859 14 0 1 0
264809665 16 0 1 1
264817220 16 0 1 0
264962536 14 0 1 1
264969632 14 0 1 0
265585067 14 0 1 1
265592192 14 0 1 0
266715480 14 0 1 1
266722605 14 0 1 0
266727638 16 0 1 1
266734762 16 0 1 0
267581561 14 0 1 1
267588694 14 0 1 0
268801075 14 0 1 1
268808151 14 0 1 0
269557561 14 0 1 1
269564559 14 0 1 0
270157413 14 0 1 1
270164511 14 0 1 0
270689455 14 0 1 1
270696582 14 0 1 0
271291698 14 0 1 1
271298803 14 0 1 0
271831393 14 0 1 1
271838486 14 0 1 0
272438858 14 0 1 1
272445974 14 0 1 0
273051602 14 0 1 1
273058691 14 0 1 0
273660815 14 0 1 1
273667903 14 0 1 0
274304123 14 0 1 1
274311176 14 0 1 0
276063483 14 0 1 1
276070588 14 0 1 0
276822119 14 0 1 1
276829132 14 0 1 0
277834242 16 0 1 1
277841328 16 0 1 0
277899974 14 0 1 1
277907060 14 0 1 0
278160898 14 0 1 1
278167968 14 0 1 0
278420082 14 0 1 1
278427209 14 0 1 0
278726051 16 0 1 1
278733137 16 0 1 0
284525083 14 0 1 1
284532192 14 0 1 0
284905791 14 0 1 1
284912833 14 0 1 0
285345249 14 0 1 1
285352412 14 0 1 0
285858346 14 0 1 1
285865456 14 0 1 0
286353694 14 0 1 1
286360785 14 0 1 0
286786661 14 0 1 1
286793804 14 0 1 0
287216364 14 0 1 1
287223521 14 0 1 0
287604528 14 0 1 1
287611679 14 0 1 0
288043223 14 0 1 1
288050396 14 0 1 0
288481068 14 0 1 1
288488213 14 0 1 0
288867887 14 0 1 1
288875002 14 0 1 0
289251631 14 0 1 1
289258755 14 0 1 0
289634949 14 0 1 1
289641982 14 0 1 0
290013391 14 0 1 1
290020487 14 0 1 0
290379723 14 0 1 1
290386823 14 0 1 0
290689006 14 0 1 1
290696116 14 0 1 0
290998732 14 0 1 1
291005859 14 0 1 0
318860854 18 0 1 1
318867940 18 0 1 0
319123933 18 0 1 1
319131022 18 0 1 0
325241310 18 0 1 1
325248377 18 0 1 0
325589001 18 0 1 1
325596136 18 0 1 0
325905402 18 0 1 1
325912515 18 0 1 0
326213832 18 0 1 1
326220851 18 0 1 0
326516972 18 0 1 1
326523996 18 0 1 0
326801561 14 0 1 1
326804419 18 0 1 1
326808666 14 0 1 0
326811562 18 0 1 0
327062504 14 0 1 1
327069536 14 0 1 0
327115477 18 0 1 1
327122560 18 0 1 0
327426042 18 0 1 1
327433127 18 0 1 0
327731795 18 0 1 1
327738877 18 0 1 0
328017049 18 0 1 1
328024174 18 0 1 0
332926242 14 0 1 1
332933395 14 0 1 0
333275321 14 0 1 1
333282466 14 0 1 0
333593063 14 0 1 1
333600157 14 0 1 0
333971967 14 0 1 1
333978979 14 0 1 0
334350388 14 0 1 1
334357465 14 0 1 0
334713190 14 0 1 1
334720296 14 0 1 0
335054844 14 0 1 1
335061888 14 0 1 0
335400776 14 0 1 1
335407828 14 0 1 0
335777497 14 0 1 1
335784552 14 0 1 0
336160746 14 0 1 1
336167836 14 0 1 0
336543160 14 0 1 1
336550220 14 0 1 0
336924239 14 0 1 1
336931254 14 0 1 0
337368456 14 0 1 1
337375593 14 0 1 0
337802777 14 0 1 1
337809848 14 0 1 0
363877382 18 0 1 1
363884487 18 0 1 0
393347388 12 0 1 1
393354512 12 0 1 0
393539390 12 0 1 1
393546536 12 0 1 0
399545207 18 0 1 1
399552236 18 0 1 0
402100602 16 0 1 1
402107745 16 0 1 0
433841196 12 0 1 1
433848471 12 0 1 0
437105060 12 0 1 1
437112316 12 0 1 0
470000333 12 0 1 1
470007495 12 0 1 0
470192804 12 0 1 1
470199969 12 0 1 0
472211528 18 0 1 1
472218633 18 0 1 0
472473333 18 0 1 1
472480441 18 0 1 0
472732555 18 0 1 1
472739663 18 0 1 0
472993070 18 0 1 1
473000197 18 0 1 0
473253604 18 0 1 1
473260693 18 0 1 0
473514100 18 0 1 1
473521227 18 0 1 0
473774203 18 0 1 1
473781330 18 0 1 0
474034737 18 0 1 1
474041826 18 0 1 0
474294802 18 0 1 1
474301929 18 0 1 0
474556629 18 0 1 1
474563737 18 0 1 0
474816282 18 0 1 1
474823371 18 0 1 0
475077209 18 0 1 1
475084336 18 0 1 0
542428691 12 0 1 1
542435796 12 0 1 0
542620243 12 0 1 1
542627351 12 0 1 0
542813522 12 0 1 1
542820649 12 0 1 0
543005527 12 0 1 1
543012654 12 0 1 0
543198394 12 0 1 1
543205521 12 0 1 0
543390830 12 0 1 1
543397957 12 0 1 0
543583266 12 0 1 1
543590393 12 0 1 0
543775702 12 0 1 1
543782829 12 0 1 0
543968138 12 0 1 1
543975265 12 0 1 0
544160574 12 0 1 1
544167701 12 0 1 0
544353010 12 0 1 1
544360137 12 0 1 0
544545446 12 0 1 1
544552573 12 0 1 0
544737882 12 0 1 1
544745009 12 0 1 0
544930318 12 0 1 1
544937445 12 0 1 0
545122754 12 0 1 1
545129881 12 0 1 0
582460763 12 0 1 1
582467906 12 0 1 0
